201
1.000000000000000056e-01
1.050000000000000100e-01
1.100000000000000006e-01
1.150000000000000050e-01
1.200000000000000094e-01
1.250000000000000000e-01
1.300000000000000044e-01
1.350000000000000089e-01
1.400000000000000133e-01
1.450000000000000178e-01
1.500000000000000222e-01
1.549999999999999989e-01
1.600000000000000033e-01
1.650000000000000078e-01
1.700000000000000122e-01
1.749999999999999889e-01
1.799999999999999933e-01
1.849999999999999978e-01
1.900000000000000022e-01
1.950000000000000067e-01
2.000000000000000111e-01
2.050000000000000155e-01
2.100000000000000200e-01
2.150000000000000244e-01
2.200000000000000011e-01
2.250000000000000056e-01
2.300000000000000100e-01
2.350000000000000144e-01
2.400000000000000189e-01
2.449999999999999956e-01
2.500000000000000000e-01
2.550000000000000044e-01
2.600000000000000089e-01
2.650000000000000133e-01
2.700000000000000178e-01
2.750000000000000222e-01
2.800000000000000266e-01
2.850000000000000311e-01
2.900000000000000355e-01
2.950000000000000400e-01
3.000000000000000444e-01
3.050000000000000488e-01
3.099999999999999978e-01
3.150000000000000022e-01
3.200000000000000067e-01
3.250000000000000111e-01
3.300000000000000155e-01
3.350000000000000200e-01
3.399999999999999689e-01
3.449999999999999734e-01
3.499999999999999778e-01
3.549999999999999822e-01
3.599999999999999867e-01
3.649999999999999911e-01
3.699999999999999956e-01
3.750000000000000000e-01
3.800000000000000044e-01
3.850000000000000089e-01
3.900000000000000133e-01
3.950000000000000178e-01
4.000000000000000222e-01
4.050000000000000266e-01
4.100000000000000311e-01
4.150000000000000355e-01
4.200000000000000400e-01
4.250000000000000444e-01
4.300000000000000488e-01
4.350000000000000533e-01
4.400000000000000577e-01
4.450000000000000622e-01
4.500000000000000666e-01
4.549999999999999600e-01
4.599999999999999645e-01
4.649999999999999689e-01
4.699999999999999734e-01
4.749999999999999778e-01
4.799999999999999822e-01
4.849999999999999867e-01
4.899999999999999911e-01
4.949999999999999956e-01
5.000000000000000000e-01
5.050000000000000044e-01
5.100000000000000089e-01
5.150000000000000133e-01
5.200000000000000178e-01
5.250000000000000222e-01
5.300000000000000266e-01
5.350000000000000311e-01
5.400000000000000355e-01
5.450000000000000400e-01
5.500000000000000444e-01
5.550000000000000488e-01
5.600000000000000533e-01
5.650000000000000577e-01
5.700000000000000622e-01
5.750000000000000666e-01
5.799999999999999600e-01
5.849999999999999645e-01
5.899999999999999689e-01
5.949999999999999734e-01
5.999999999999999778e-01
6.049999999999999822e-01
6.099999999999999867e-01
6.149999999999999911e-01
6.199999999999999956e-01
6.250000000000000000e-01
6.300000000000000044e-01
6.350000000000000089e-01
6.400000000000000133e-01
6.450000000000000178e-01
6.500000000000000222e-01
6.550000000000000266e-01
6.600000000000000311e-01
6.650000000000000355e-01
6.700000000000000400e-01
6.750000000000000444e-01
6.799999999999999378e-01
6.849999999999999423e-01
6.899999999999999467e-01
6.949999999999999512e-01
6.999999999999999556e-01
7.049999999999999600e-01
7.099999999999999645e-01
7.149999999999999689e-01
7.199999999999999734e-01
7.249999999999999778e-01
7.299999999999999822e-01
7.349999999999999867e-01
7.399999999999999911e-01
7.449999999999999956e-01
7.500000000000000000e-01
7.550000000000000044e-01
7.600000000000000089e-01
7.650000000000000133e-01
7.700000000000000178e-01
7.750000000000000222e-01
7.800000000000000266e-01
7.850000000000000311e-01
7.900000000000000355e-01
7.950000000000000400e-01
8.000000000000000444e-01
8.049999999999999378e-01
8.099999999999999423e-01
8.149999999999999467e-01
8.199999999999999512e-01
8.249999999999999556e-01
8.299999999999999600e-01
8.349999999999999645e-01
8.399999999999999689e-01
8.449999999999999734e-01
8.499999999999999778e-01
8.549999999999999822e-01
8.599999999999999867e-01
8.649999999999999911e-01
8.699999999999999956e-01
8.750000000000000000e-01
8.800000000000000044e-01
8.850000000000000089e-01
8.900000000000000133e-01
8.950000000000000178e-01
9.000000000000000222e-01
9.050000000000000266e-01
9.100000000000000311e-01
9.150000000000000355e-01
9.200000000000000400e-01
9.250000000000000444e-01
9.300000000000000488e-01
9.349999999999999423e-01
9.399999999999999467e-01
9.449999999999999512e-01
9.499999999999999556e-01
9.549999999999999600e-01
9.599999999999999645e-01
9.649999999999999689e-01
9.699999999999999734e-01
9.749999999999999778e-01
9.799999999999999822e-01
9.849999999999999867e-01
9.899999999999999911e-01
9.949999999999999956e-01
1.000000000000000000e+00
1.199999999999999956e+00
1.399999999999999911e+00
1.600000000000000089e+00
1.800000000000000044e+00
2.000000000000000000e+00
2.200000000000000178e+00
2.400000000000000355e+00
2.600000000000000089e+00
2.799999999999999822e+00
3.000000000000000000e+00
3.200000000000000178e+00
3.400000000000000355e+00
3.600000000000000089e+00
3.800000000000000266e+00
4.000000000000000000e+00
4.200000000000000178e+00
4.400000000000000355e+00
4.599999999999999645e+00
4.800000000000000711e+00
5.000000000000000000e+00
