0.970000
0.970635
0.971270
0.971905
0.972540
0.973175
0.973810
0.974445
0.975080
0.975715
0.976350
0.976985
0.977620
0.978255
0.978890
0.979525
0.980160
0.980795
0.981430
0.982065
0.982700
0.983335
0.983970
0.984605
0.985240
0.985875
0.986510
0.987145
0.987780
0.988415
0.989050
0.989685
0.990320
0.990955
0.991590
0.992225
0.992860
0.993495
0.994130
0.994765
0.995400
0.996035
0.996670
0.997305
0.997940
0.998575
0.999210
0.999845
1.000480
1.001115
1.001750
1.002385
1.003020
1.003655
1.004290
1.004925
1.005560
1.006195
1.006830
1.007465
1.008100
1.008735
1.009370
1.010005
1.010640
1.011275
1.011910
1.012545
1.013180
1.013815
1.014450
1.015085
1.015720
1.016355
1.016990
1.017625
1.018260
1.018895
1.019530
1.020165
1.020800
1.021435
1.022070
1.022705
1.023340
1.023975
1.024610
1.025245
1.025880
1.026515
1.027150
1.027785
1.028420
1.029055
1.029690
1.030325
1.030960
1.031595
1.032230
1.032865
1.033500
1.034135
1.034770
1.035405
1.036040
1.036675
1.037310
1.037945
1.038580
1.039215
1.039850
1.040485
1.041120
1.041755
1.042390
1.043025
1.043660
1.044295
1.044930
1.045565
1.046200
1.046835
1.047470
1.048105
1.048740
1.049375
1.050010
1.050645
1.051280
1.051915
1.052550
1.053185
1.053820
1.054455
1.055090
1.055725
1.056360
1.056995
1.057630
1.058265
1.058900
1.059535
1.060170
1.060805
1.061440
1.062075
1.062710
1.063345
1.063980
1.064615
1.065250
1.065885
1.066520
1.067155
1.067790
1.068425
1.069060
1.069695
1.070330
1.070965
1.071600
1.072235
1.072870
1.073505
1.074140
1.074775
1.075410
1.076045
1.076680
1.077315
1.077950
1.078585
1.079220
1.079855
1.080490
1.081125
1.081760
1.082395
1.083030
1.083665
1.084300
1.084935
1.085570
1.086205
1.086840
1.087475
1.088110
1.088745
1.089380
1.090015
1.090650
1.091285
1.091920
1.092555
1.093190
1.093825
1.094460
1.095095
1.095730
1.096365
1.097000
1.097635
1.098270
1.098905
1.099540
1.100175
1.100810
1.101445
1.102080
1.102715
1.103350
1.103985
1.104620
1.105255
1.105890
1.106525
1.107160
1.107795
1.108430
1.109065
1.109700
1.110335
1.110970
1.111605
1.112240
1.112875
1.113510
1.114145
1.114780
1.115415
1.116050
1.116685
1.117320
1.117955
1.118590
1.119225
1.119860
1.120495
1.121130
1.121765
1.122400
1.123035
1.123670
1.124305
1.124940
1.125575
1.126210
1.126845
1.127480
1.128115
1.128750
1.129385
1.130020
1.130655
1.131290
1.131925
1.132560
1.133195
1.133830
1.134465
1.135100
1.135735
1.136370
1.137005
1.137640
1.138275
1.138910
1.139545
1.140180
1.140815
1.141450
1.142085
1.142720
1.143355
1.143990
1.144625
1.145260
1.145895
1.146530
1.147165
1.147800
1.148435
1.149070
1.149705
1.150340
1.150975
1.151610
1.152245
1.152880
1.153515
1.154150
1.154785
1.155420
1.156055
1.156690
1.157325
1.157960
1.158595
1.159230
1.159865
1.160500
1.161135
1.161770
1.162405
1.163040
1.163675
1.164310
1.164945
1.165580
1.166215
1.166850
1.167485
1.168120
1.168755
1.169390
1.170025
1.170660
1.171295
1.171930
1.172565
1.173200
1.173835
1.174470
1.175105
1.175740
1.176375
1.177010
1.177645
1.178280
1.178915
1.179550
1.180185
1.180820
1.181455
1.182090
1.182725
1.183360
1.183995
1.184630
1.185265
1.185900
1.186535
1.187170
1.187805
1.188440
1.189075
1.189710
1.190345
1.190980
1.191615
1.192250
1.192885
1.193520
1.194155
1.194790
1.195425
1.196060
1.196695
1.197330
1.197965
1.198600
1.199235
1.199870
1.200505
1.201140
1.201775
1.202410
1.203045
1.203680
1.204315
1.204950
1.205585
1.206220
1.206855
1.207490
1.208125
1.208760
1.209395
1.210030
1.210665
1.211300
1.211935
1.212570
1.213205
1.213840
1.214475
1.215110
1.215745
1.216380
1.217015
1.217650
1.218285
1.218920
1.219555
1.220190
1.220825
1.221460
1.222095
1.222730
1.223365
1.224000
1.224635
1.225270
1.225905
1.226540
1.227175
1.227810
1.228445
1.229080
1.229715
1.230350
1.230985
1.231620
1.232255
1.232890
1.233525
1.234160
1.234795
1.235430
1.236065
1.236700
1.237335
1.237970
1.238605
1.239240
1.239875
1.240510
1.241145
1.241780
1.242415
1.243050
1.243685
1.244320
1.244955
1.245590
1.246225
1.246860
1.247495
1.248130
1.248765
1.249400
1.250035
1.250670
1.251305
1.251940
1.252575
1.253210
1.253845
1.254480
1.255115
1.255750
1.256385
1.257020
1.257655
1.258290
1.258925
1.259560
1.260195
1.260830
1.261465
1.262100
1.262735
1.263370
1.264005
1.264640
1.265275
1.265910
1.266545
1.267180
1.267815
1.268450
1.269085
1.269720
1.270355
1.270990
1.271625
1.272260
1.272895
1.273530
1.274165
1.274800
1.275435
1.276070
1.276705
1.277340
1.277975
1.278610
1.279245
1.279880
1.280515
1.281150
1.281785
1.282420
1.283055
1.283690
1.284325
1.284960
1.285595
1.286230
1.286865
1.287500
1.288135
1.288770
1.289405
1.290040
1.290675
1.291310
1.291945
1.292580
1.293215
1.293850
1.294485
1.295120
1.295755
1.296390
1.297025
1.297660
1.298295
1.298930
1.299565
1.300200
1.300835
1.301470
1.302105
1.302740
1.303375
1.304010
1.304645
1.305280
1.305915
1.306550
1.307185
1.307820
1.308455
1.309090
1.309725
1.310360
1.310995
1.311630
1.312265
1.312900
1.313535
1.314170
1.314805
1.315440
1.316075
1.316710
1.317345
1.317980
1.318615
1.319250
1.319885
1.320520
1.321155
1.321790
1.322425
1.323060
1.323695
1.324330
1.324965
1.325600
1.326235
1.326870
1.327505
1.328140
1.328775
1.329410
1.330045
1.330680
1.331315
1.331950
1.332585
1.333220
1.333855
1.334490
1.335125
1.335760
1.336395
1.337030
1.337665
1.338300
1.338935
1.339570
1.340205
1.340840
1.341475
1.342110
1.342745
1.343380
1.344015
1.344650
1.345285
1.345920
1.346555
1.347190
1.347825
1.348460
1.349095
1.349730
1.350365
1.351000
1.351635
1.352270
1.352905
1.353540
1.354175
1.354810
1.355445
1.356080
1.356715
1.357350
1.357985
1.358620
1.359255
1.359890
1.360525
1.361160
1.361795
1.362430
1.363065
1.363700
1.364335
1.364970
1.365605
1.366240
1.366875
1.367510
1.368145
1.368780
1.369415
1.370050
1.370685
1.371320
1.371955
1.372590
1.373225
1.373860
1.374495
1.375130
1.375765
1.376400
1.377035
1.377670
1.378305
1.378940
1.379575
1.380210
1.380845
1.381480
1.382115
1.382750
1.383385
1.384020
1.384655
1.385290
1.385925
1.386560
1.387195
1.387830
1.388465
1.389100
1.389735
1.390370
1.391005
1.391640
1.392275
1.392910
1.393545
1.394180
1.394815
1.395450
1.396085
1.396720
1.397355
1.397990
1.398625
1.399260
1.399895
1.400530
1.401165
1.401800
1.402435
1.403070
1.403705
1.404340
1.404975
1.405610
1.406245
1.406880
1.407515
1.408150
1.408785
1.409420
1.410055
1.410690
1.411325
1.411960
1.412595
1.413230
1.413865
1.414500
1.415135
1.415770
1.416405
1.417040
1.417675
1.418310
1.418945
1.419580
1.420215
1.420850
1.421485
1.422120
1.422755
1.423390
1.424025
1.424660
1.425295
1.425930
1.426565
1.427200
1.427835
1.428470
1.429105
1.429740
1.430375
1.431010
1.431645
1.432280
1.432915
1.433550
1.434185
1.434820
1.435455
1.436090
1.436725
1.437360
1.437995
1.438630
1.439265
1.439900
1.440535
1.441170
1.441805
1.442440
1.443075
1.443710
1.444345
1.444980
1.445615
1.446250
1.446885
1.447520
1.448155
1.448790
1.449425
1.450060
1.450695
1.451330
1.451965
1.452600
1.453235
1.453870
1.454505
1.455140
1.455775
1.456410
1.457045
1.457680
1.458315
1.458950
1.459585
1.460220
1.460855
1.461490
1.462125
1.462760
1.463395
1.464030
1.464665
1.465300
1.465935
1.466570
1.467205
1.467840
1.468475
1.469110
1.469745
1.470380
1.471015
1.471650
1.472285
1.472920
1.473555
1.474190
1.474825
1.475460
1.476095
1.476730
1.477365
1.478000
1.478635
1.479270
1.479905
1.480540
1.481175
1.481810
1.482445
1.483080
1.483715
1.484350
1.484985
1.485620
1.486255
1.486890
1.487525
1.488160
1.488795
1.489430
1.490065
1.490700
1.491335
1.491970
1.492605
1.493240
1.493875
1.494510
1.495145
1.495780
1.496415
1.497050
1.497685
1.498320
1.498955
1.499590
1.500225
1.500860
1.501495
1.502130
1.502765
1.503400
1.504035
1.504670
1.505305
1.505940
1.506575
1.507210
1.507845
1.508480
1.509115
1.509750
1.510385
1.511020
1.511655
1.512290
1.512925
1.513560
1.514195
1.514830
1.515465
1.516100
1.516735
1.517370
1.518005
1.518640
1.519275
1.519910
1.520545
1.521180
1.521815
1.522450
1.523085
1.523720
1.524355
1.524990
1.525625
1.526260
1.526895
1.527530
1.528165
1.528800
1.529435
1.530070
1.530705
1.531340
1.531975
1.532610
1.533245
1.533880
1.534515
1.535150
1.535785
1.536420
1.537055
1.537690
1.538325
1.538960
1.539595
1.540230
1.540865
1.541500
1.542135
1.542770
1.543405
1.544040
1.544675
1.545310
1.545945
1.546580
1.547215
1.547850
1.548485
1.549120
1.549755
1.550390
1.551025
1.551660
1.552295
1.552930
1.553565
1.554200
1.554835
1.555470
1.556105
1.556740
1.557375
1.558010
1.558645
1.559280
1.559915
1.560550
1.561185
1.561820
1.562455
1.563090
1.563725
1.564360
1.564995
1.565630
1.566265
1.566900
1.567535
1.568170
1.568805
1.569440
1.570075
1.570710
1.571345
1.571980
1.572615
1.573250
1.573885
1.574520
1.575155
1.575790
1.576425
1.577060
1.577695
1.578330
1.578965
1.579600
1.580235
1.580870
1.581505
1.582140
1.582775
1.583410
1.584045
1.584680
1.585315
1.585950
1.586585
1.587220
1.587855
1.588490
1.589125
1.589760
1.590395
1.591030
1.591665
1.592300
1.592935
1.593570
1.594205
1.594840
1.595475
1.596110
1.596745
1.597380
1.598015
1.598650
1.599285
1.599920
1.600555
1.601190
1.601825
1.602460
1.603095
1.603730
1.604365
1.605000
1.605635
1.606270
1.606905
1.607540
1.608175
1.608810
1.609445
1.610080
1.610715
1.611350
1.611985
1.612620
1.613255
1.613890
1.614525
1.615160
1.615795
1.616430
1.617065
1.617700
1.618335
1.618970
1.619605
1.620240
1.620875
1.621510
1.622145
1.622780
1.623415
1.624050
1.624685
1.625320
1.625955
1.626590
1.627225
1.627860
1.628495
1.629130
1.629765
1.630400
1.631035
1.631670
1.632305
1.632940
1.633575
1.634210
1.634845
1.635480
1.636115
1.636750
1.637385
1.638020
1.638655
1.639290
1.639925
1.640560
1.641195
1.641830
1.642465
1.643100
1.643735
1.644370
1.645005
1.645640
1.646275
1.646910
1.647545
1.648180
1.648815
1.649450
1.650085
1.650720
1.651355
1.651990
1.652625
1.653260
1.653895
1.654530
1.655165
1.655800
1.656435
1.657070
1.657705
1.658340
1.658975
1.659610
1.660245
1.660880
1.661515
1.662150
1.662785
1.663420
1.664055
1.664690
1.665325
1.665960
1.666595
1.667230
1.667865
1.668500
1.669135
1.669770
1.670405
1.671040
1.671675
1.672310
1.672945
1.673580
1.674215
1.674850
1.675485
1.676120
1.676755
1.677390
1.678025
1.678660
1.679295
1.679930
1.680565
1.681200
1.681835
1.682470
1.683105
1.683740
1.684375
1.685010
1.685645
1.686280
1.686915
1.687550
1.688185
1.688820
1.689455
1.690090
1.690725
1.691360
1.691995
1.692630
1.693265
1.693900
1.694535
1.695170
1.695805
1.696440
1.697075
1.697710
1.698345
1.698980
1.699615
1.700000
1.701065
1.702130
1.703195
1.704260
1.705325
1.706390
1.707455
1.708520
1.709585
1.710650
1.711715
1.712780
1.713845
1.714910
1.715975
1.717040
1.718105
1.719170
1.720235
1.721300
1.722365
1.723430
1.724495
1.725560
1.726625
1.727690
1.728755
1.729820
1.730885
1.731950
1.733015
1.734080
1.735145
1.736210
1.737275
1.738340
1.739405
1.740470
1.741535
1.742600
1.743665
1.744730
1.745795
1.746860
1.747925
1.748990
1.750055
1.751120
1.752185
1.753250
1.754315
1.755380
1.756445
1.757510
1.758575
1.759640
1.760705
1.761770
1.762835
1.763900
1.764965
1.766030
1.767095
1.768160
1.769225
1.770290
1.771355
1.772420
1.773485
1.774550
1.775615
1.776680
1.777745
1.778810
1.779875
1.780940
1.782005
1.783070
1.784135
1.785200
1.786265
1.787330
1.788395
1.789460
1.790525
1.791590
1.792655
1.793720
1.794785
1.795850
1.796915
1.797980
1.799045
1.800110
1.801175
1.802240
1.803305
1.804370
1.805435
1.806500
1.807565
1.808630
1.809695
1.810760
1.811825
1.812890
1.813955
1.815020
1.816085
1.817150
1.818215
1.819280
1.820345
1.821410
1.822475
1.823540
1.824605
1.825670
1.826735
1.827800
1.828865
1.829930
1.830995
1.832060
1.833125
1.834190
1.835255
1.836320
1.837385
1.838450
1.839515
1.840580
1.841645
1.842710
1.843775
1.844840
1.845905
1.846970
1.848035
1.849100
1.850165
1.851230
1.852295
1.853360
1.854425
1.855490
1.856555
1.857620
1.858685
1.859750
1.860815
1.861880
1.862945
1.864010
1.865075
1.866140
1.867205
1.868270
1.869335
1.870400
1.871465
1.872530
1.873595
1.874660
1.875725
1.876790
1.877855
1.878920
1.879985
1.881050
1.882115
1.883180
1.884245
1.885310
1.886375
1.887440
1.888505
1.889570
1.890635
1.891700
1.892765
1.893830
1.894895
1.895960
1.897025
1.898090
1.899155
1.900220
1.901285
1.902350
1.903415
1.904480
1.905545
1.906610
1.907675
1.908740
1.909805
1.910870
1.911935
1.913000
1.914065
1.915130
1.916195
1.917260
1.918325
1.919390
1.920455
1.921520
1.922585
1.923650
1.924715
1.925780
1.926845
1.927910
1.928975
1.930040
1.931105
1.932170
1.933235
1.934300
1.935365
1.936430
1.937495
1.938560
1.939625
1.940690
1.941755
1.942820
1.943885
1.944950
1.946015
1.947080
1.948145
1.949210
1.950275
1.951340
1.952405
1.953470
1.954535
1.955600
1.956665
1.957730
1.958795
1.959860
1.960925
1.961990
1.963055
1.964120
1.965185
1.966250
1.967315
1.968380
1.969445
1.970510
1.971575
1.972640
1.973705
1.974770
1.975835
1.976900
1.977965
1.979030
1.980095
1.981160
1.982225
1.983290
1.984355
1.985420
1.986485
1.987550
1.988615
1.989680
1.990745
1.991810
1.992875
1.993940
1.995005
1.996070
1.997135
1.998200
1.999265
2.000330
2.001395
2.002460
2.003525
2.004590
2.005655
2.006720
2.007785
2.008850
2.009915
2.010980
2.012045
2.013110
2.014175
2.015240
2.016305
2.017370
2.018435
2.019500
2.020565
2.021630
2.022695
2.023760
2.024825
2.025890
2.026955
2.028020
2.029085
2.030150
2.031215
2.032280
2.033345
2.034410
2.035475
2.036540
2.037605
2.038670
2.039735
2.040800
2.041865
2.042930
2.043995
2.045060
2.046125
2.047190
2.048255
2.049320
2.050385
2.051450
2.052515
2.053580
2.054645
2.055710
2.056775
2.057840
2.058905
2.059970
2.061035
2.062100
2.063165
2.064230
2.065295
2.066360
2.067425
2.068490
2.069555
2.070620
2.071685
2.072750
2.073815
2.074880
2.075945
2.077010
2.078075
2.079140
2.080205
2.081270
2.082335
2.083400
2.084465
2.085530
2.086595
2.087660
2.088725
2.089790
2.090855
2.091920
2.092985
2.094050
2.095115
2.096180
2.097245
2.098310
2.099375
2.100440
2.101505
2.102570
2.103635
2.104700
2.105765
2.106830
2.107895
2.108960
2.110025
2.111090
2.112155
2.113220
2.114285
2.115350
2.116415
2.117480
2.118545
2.119610
2.120675
2.121740
2.122805
2.123870
2.124935
2.126000
2.127065
2.128130
2.129195
2.130260
2.131325
2.132390
2.133455
2.134520
2.135585
2.136650
2.137715
2.138780
2.139845
2.140910
2.141975
2.143040
2.144105
2.145170
2.146235
2.147300
2.148365
2.149430
2.150495
2.151560
2.152625
2.153690
2.154755
2.155820
2.156885
2.157950
2.159015
2.160080
2.161145
2.162210
2.163275
2.164340
2.165405
2.166470
2.167535
2.168600
2.169665
2.170730
2.171795
2.172860
2.173925
2.174990
2.176055
2.177120
2.178185
2.179250
2.180315
2.181380
2.182445
2.183510
2.184575
2.185640
2.186705
2.187770
2.188835
2.189900
2.190965
2.192030
2.193095
2.194160
2.195225
2.196290
2.197355
2.198420
2.199485
2.200550
2.201615
2.202680
2.203745
2.204810
2.205875
2.206940
2.208005
2.209070
2.210135
2.211200
2.212265
2.213330
2.214395
2.215460
2.216525
2.217590
2.218655
2.219720
2.220785
2.221850
2.222915
2.223980
2.225045
2.226110
2.227175
2.228240
2.229305
2.230370
2.231435
2.232500
2.233565
2.234630
2.235695
2.236760
2.237825
2.238890
2.239955
2.241020
2.242085
2.243150
2.244215
2.245280
2.246345
2.247410
2.248475
2.249540
2.250605
2.251670
2.252735
2.253800
2.254865
2.255930
2.256995
2.258060
2.259125
2.260190
2.261255
2.262320
2.263385
2.264450
2.265515
2.266580
2.267645
2.268710
2.269775
2.270840
2.271905
2.272970
2.274035
2.275100
2.276165
2.277230
2.278295
2.279360
2.280425
2.281490
2.282555
2.283620
2.284685
2.285750
2.286815
2.287880
2.288945
2.290010
2.291075
2.292140
2.293205
2.294270
2.295335
2.296400
2.297465
2.298530
2.299595
2.300660
2.301725
2.302790
2.303855
2.304920
2.305985
2.307050
2.308115
2.309180
2.310245
2.311310
2.312375
2.313440
2.314505
2.315570
2.316635
2.317700
2.318765
2.319830
2.320895
2.321960
2.323025
2.324090
2.325155
2.326220
2.327285
2.328350
2.329415
2.330480
2.331545
2.332610
2.333675
2.334740
2.335805
2.336870
2.337935
2.339000
2.340065
2.341130
2.342195
2.343260
2.344325
2.345390
2.346455
2.347520
2.348585
2.349650
2.350715
2.351780
2.352845
2.353910
2.354975
2.356040
2.357105
2.358170
2.359235
2.360300
2.361365
2.362430
2.363495
2.364560
2.365625
2.366690
2.367755
2.368820
2.369885
2.370950
2.372015
2.373080
2.374145
2.375210
2.376275
2.377340
2.378405
2.379470
2.380535
2.381600
2.382665
2.383730
2.384795
2.385860
2.386925
2.387990
2.389055
2.390120
2.391185
2.392250
2.393315
2.394380
2.395445
2.396510
2.397575
2.398640
2.399705
2.400770
2.401835
2.402900
2.403965
2.405030
2.406095
2.407160
2.408225
2.409290
2.410355
2.411420
2.412485
2.413550
2.414615
2.415680
2.416745
2.417810
2.418875
2.419940
2.421005
2.422070
2.423135
2.424200
2.425265
2.426330
2.427395
2.428460
2.429525
2.430590
2.431655
2.432720
2.433785
2.434850
2.435915
2.436980
2.438045
2.439110
2.440175
2.441240
2.442305
2.443370
2.444435
2.445500
2.446565
2.447630
2.448695
2.449760
2.450825
2.451890
2.452955
2.454020
2.455085
2.456150
2.457215
2.458280
2.459345
2.460410
2.461475
2.462540
2.463605
2.464670
2.465735
2.466800
2.467865
2.468930
2.469995
2.471060
2.472125
2.473190
2.474255
2.475320
2.476385
2.477450
2.478515
2.479580
2.480645
2.481710
2.482775
2.483840
2.484905
2.485970
2.487035
2.488100
2.489165
2.490230
2.491295
2.492360
2.493425
2.494490
2.495555
2.496620
2.497685
2.498750
2.499815
2.500880
2.501945
2.503010
2.504075
2.505140
2.506205
2.507270
2.508335
2.509400
2.510465
2.511530
2.512595
2.513660
2.514725
2.515790
2.516855
2.517920
2.518985
2.520050
2.521115
2.522180
2.523245
2.524310
2.525375
2.526440
2.527505
2.528570
2.529635
2.530700
2.531765
2.532830
2.533895
2.534960
2.536025
2.537090
2.538155
2.539220
2.540285
2.541350
2.542415
2.543480
2.544545
2.545610
2.546675
2.547740
2.548805
2.549870
2.550935
2.552000
2.553065
2.554130
2.555195
2.556260
2.557325
2.558390
2.559455
2.560520
2.561585
2.562650
2.563715
2.564780
2.565845
2.566910
2.567975
2.569040
2.570105
2.571170
2.572235
2.573300
2.574365
2.575430
2.576495
2.577560
2.578625
2.579690
2.580755
2.581820
2.582885
2.583950
2.585015
2.586080
2.587145
2.588210
2.589275
2.590340
2.591405
2.592470
2.593535
2.594600
2.595665
2.596730
2.597795
2.598860
2.599925
2.600990
2.602055
2.603120
2.604185
2.605250
2.606315
2.607380
2.608445
2.609510
2.610575
2.611640
2.612705
2.613770
2.614835
2.615900
2.616965
2.618030
2.619095
2.620160
2.621225
2.622290
2.623355
2.624420
2.625485
2.626550
2.627615
2.628680
2.629745
2.630810
2.631875
2.632940
2.634005
2.635070
2.636135
2.637200
2.638265
2.639330
2.640395
2.641460
2.642525
2.643590
2.644655
2.645720
2.646785
2.647850
2.648915
2.649980
2.651045
2.652110
2.653175
2.654240
2.655305
2.656370
2.657435
2.658500
2.659565
2.660630
2.661695
2.662760
2.663825
2.664890
2.665955
2.667020
2.668085
2.669150
2.670215
2.671280
2.672345
2.673410
2.674475
2.675540
2.676605
2.677670
2.678735
2.679800
2.680865
2.681930
2.682995
2.684060
2.685125
2.686190
2.687255
2.688320
2.689385
2.690450
2.691515
2.692580
2.693645
2.694710
2.695775
2.696840
2.697905
2.698970
2.700035
2.701100
2.702165
2.703230
2.704295
2.705360
2.706425
2.707490
2.708555
2.709620
2.710685
2.711750
2.712815
2.713880
2.714945
2.716010
2.717075
2.718140
2.719205
2.720270
2.721335
2.722400
2.723465
2.724530
2.725595
2.726660
2.727725
2.728790
2.729855
2.730920
2.731985
2.733050
2.734115
2.735180
2.736245
2.737310
2.738375
2.739440
2.740505
2.741570
2.742635
2.743700
2.744765
2.745830
2.746895
2.747960
2.749025
2.750090
2.751155
2.752220
2.753285
2.754350
2.755415
2.756480
2.757545
2.758610
2.759675
2.760740
2.761805
2.762870
2.763935
2.765000
2.766065
2.767130
2.768195
2.769260
2.770325
2.771390
2.772455
2.773520
2.774585
2.775650
2.776715
2.777780
2.778845
2.779910
2.780975
2.782040
2.783105
2.784170
2.785235
2.786300
2.787365
2.788430
2.789495
2.790560
2.791625
2.792690
2.793755
2.794820
2.795885
2.796950
2.798015
2.799080
2.800145
2.801210
2.802275
2.803340
2.804405
2.805470
2.806535
2.807600
2.808665
2.809730
2.810795
2.811860
2.812925
2.813990
2.815055
2.816120
2.817185
2.818250
2.819315
2.820380
2.821445
2.822510
2.823575
2.824640
2.825705
2.826770
2.827835
2.828900
2.829965
2.831030
2.832095
2.833160
2.834225
2.835290
2.836355
2.837420
2.838485
2.839550
2.840615
2.841680
2.842745
2.843810
2.844875
2.845940
2.847005
2.848070
2.849135
2.850200
2.851265
2.852330
2.853395
2.854460
2.855525
2.856590
2.857655
2.858720
2.859785
2.860850
2.861915
2.862980
2.864045
2.865110
2.866175
2.867240
2.868305
2.869370
2.870435
2.871500
2.872565
2.873630
2.874695
2.875760
2.876825
2.877890
2.878955
2.880020
2.881085
2.882150
2.883215
2.884280
2.885345
2.886410
2.887475
2.888540
2.889605
2.890670
2.891735
2.892800
2.893865
2.894930
2.895995
2.897060
2.898125
2.899190
2.900000
2.901789
2.903578
2.905367
2.907156
2.908945
2.910734
2.912523
2.914312
2.916101
2.917890
2.919679
2.921468
2.923257
2.925046
2.926835
2.928624
2.930413
2.932202
2.933991
2.935780
2.937569
2.939358
2.941147
2.942936
2.944725
2.946514
2.948303
2.950092
2.951881
2.953670
2.955459
2.957248
2.959037
2.960826
2.962615
2.964404
2.966193
2.967982
2.969771
2.971560
2.973349
2.975138
2.976927
2.978716
2.980505
2.982294
2.984083
2.985872
2.987661
2.989450
2.991239
2.993028
2.994817
2.996606
2.998395
3.000184
3.001973
3.003762
3.005551
3.007340
3.009129
3.010918
3.012707
3.014496
3.016285
3.018074
3.019863
3.021652
3.023441
3.025230
3.027019
3.028808
3.030597
3.032386
3.034175
3.035964
3.037753
3.039542
3.041331
3.043120
3.044909
3.046698
3.048487
3.050276
3.052065
3.053854
3.055643
3.057432
3.059221
3.061010
3.062799
3.064588
3.066377
3.068166
3.069955
3.071744
3.073533
3.075322
3.077111
3.078900
3.080689
3.082478
3.084267
3.086056
3.087845
3.089634
3.091423
3.093212
3.095001
3.096790
3.098579
3.100368
3.102157
3.103946
3.105735
3.107524
3.109313
3.111102
3.112891
3.114680
3.116469
3.118258
3.120047
3.121836
3.123625
3.125414
3.127203
3.128992
3.130781
3.132570
3.134359
3.136148
3.137937
3.139726
3.141515
3.143304
3.145093
3.146882
3.148671
3.150460
3.152249
3.154038
3.155827
3.157616
3.159405
3.161194
3.162983
3.164772
3.166561
3.168350
3.170139
3.171928
3.173717
3.175506
3.177295
3.179084
3.180873
3.182662
3.184451
3.186240
3.188029
3.189818
3.191607
3.193396
3.195185
3.196974
3.198763
3.200552
3.202341
3.204130
3.205919
3.207708
3.209497
3.211286
3.213075
3.214864
3.216653
3.218442
3.220231
3.222020
3.223809
3.225598
3.227387
3.229176
3.230965
3.232754
3.234543
3.236332
3.238121
3.239910
3.241699
3.243488
3.245277
3.247066
3.248855
3.250644
3.252433
3.254222
3.256011
3.257800
3.259589
3.261378
3.263167
3.264956
3.266745
3.268534
3.270323
3.272112
3.273901
3.275690
3.277479
3.279268
3.281057
3.282846
3.284635
3.286424
3.288213
3.290002
3.291791
3.293580
3.295369
3.297158
3.298947
3.300736
3.302525
3.304314
3.306103
3.307892
3.309681
3.311470
3.313259
3.315048
3.316837
3.318626
3.320415
3.322204
3.323993
3.325782
3.327571
3.329360
3.331149
3.332938
3.334727
3.336516
3.338305
3.340094
3.341883
3.343672
3.345461
3.347250
3.349039
3.350828
3.352617
3.354406
3.356195
3.357984
3.359773
3.361562
3.363351
3.365140
3.366929
3.368718
3.370507
3.372296
3.374085
3.375874
3.377663
3.379452
3.381241
3.383030
3.384819
3.386608
3.388397
3.390186
3.391975
3.393764
3.395553
3.397342
3.399131
3.400920
3.402709
3.404498
3.406287
3.408076
3.409865
3.411654
3.413443
3.415232
3.417021
3.418810
3.420599
3.422388
3.424177
3.425966
3.427755
3.429544
3.431333
3.433122
3.434911
3.436700
3.438489
3.440278
3.442067
3.443856
3.445645
3.447434
3.449223
3.451012
3.452801
3.454590
3.456379
3.458168
3.459957
3.461746
3.463535
3.465324
3.467113
3.468902
3.470691
3.472480
3.474269
3.476058
3.477847
3.479636
3.481425
3.483214
3.485003
3.486792
3.488581
3.490370
3.492159
3.493948
3.495737
3.497526
3.499315
3.501104
3.502893
3.504682
3.506471
3.508260
3.510049
3.511838
3.513627
3.515416
3.517205
3.518994
3.520783
3.522572
3.524361
3.526150
3.527939
3.529728
3.531517
3.533306
3.535095
3.536884
3.538673
3.540462
3.542251
3.544040
3.545829
3.547618
3.549407
3.551196
3.552985
3.554774
3.556563
3.558352
3.560141
3.561930
3.563719
3.565508
3.567297
3.569086
3.570875
3.572664
3.574453
3.576242
3.578031
3.579820
3.581609
3.583398
3.585187
3.586976
3.588765
3.590554
3.592343
3.594132
3.595921
3.597710
3.599499
3.601288
3.603077
3.604866
3.606655
3.608444
3.610233
3.612022
3.613811
3.615600
3.617389
3.619178
3.620967
3.622756
3.624545
3.626334
3.628123
3.629912
3.631701
3.633490
3.635279
3.637068
3.638857
3.640646
3.642435
3.644224
3.646013
3.647802
3.649591
3.651380
3.653169
3.654958
3.656747
3.658536
3.660325
3.662114
3.663903
3.665692
3.667481
3.669270
3.671059
3.672848
3.674637
3.676426
3.678215
3.680004
3.681793
3.683582
3.685371
3.687160
3.688949
3.690738
3.692527
3.694316
3.696105
3.697894
3.699683
3.701472
3.703261
3.705050
3.706839
3.708628
3.710417
3.712206
3.713995
3.715784
3.717573
3.719362
3.721151
3.722940
3.724729
3.726518
3.728307
3.730096
3.731885
3.733674
3.735463
3.737252
3.739041
3.740830
3.742619
3.744408
3.746197
3.747986
3.749775
3.751564
3.753353
3.755142
3.756931
3.758720
3.760509
3.762298
3.764087
3.765876
3.767665
3.769454
3.771243
3.773032
3.774821
3.776610
3.778399
3.780188
3.781977
3.783766
3.785555
3.787344
3.789133
3.790922
3.792711
3.794500
3.796289
3.798078
3.799867
3.801656
3.803445
3.805234
3.807023
3.808812
3.810601
3.812390
3.814179
3.815968
3.817757
3.819546
3.821335
3.823124
3.824913
3.826702
3.828491
3.830280
3.832069
3.833858
3.835647
3.837436
3.839225
3.841014
3.842803
3.844592
3.846381
3.848170
3.849959
3.851748
3.853537
3.855326
3.857115
3.858904
3.860693
3.862482
3.864271
3.866060
3.867849
3.869638
3.871427
3.873216
3.875005
3.876794
3.878583
3.880372
3.882161
3.883950
3.885739
3.887528
3.889317
3.891106
3.892895
3.894684
3.896473
3.898262
3.900051
3.901840
3.903629
3.905418
3.907207
3.908996
3.910785
3.912574
3.914363
3.916152
3.917941
3.919730
3.921519
3.923308
3.925097
3.926886
3.928675
3.930464
3.932253
3.934042
3.935831
3.937620
3.939409
3.941198
3.942987
3.944776
3.946565
3.948354
3.950143
3.951932
3.953721
3.955510
3.957299
3.959088
3.960877
3.962666
3.964455
3.966244
3.968033
3.969822
3.971611
3.973400
3.975189
3.976978
3.978767
3.980556
3.982345
3.984134
3.985923
3.987712
3.989501
3.991290
3.993079
3.994868
3.996657
3.998446
4.000235
4.002024
4.003813
4.005602
4.007391
4.009180
4.010969
4.012758
4.014547
4.016336
4.018125
4.019914
4.021703
4.023492
4.025281
4.027070
4.028859
4.030648
4.032437
4.034226
4.036015
4.037804
4.039593
4.041382
4.043171
4.044960
4.046749
4.048538
4.050327
4.052116
4.053905
4.055694
4.057483
4.059272
4.061061
4.062850
4.064639
4.066428
4.068217
4.070006
4.071795
4.073584
4.075373
4.077162
4.078951
4.080740
4.082529
4.084318
4.086107
4.087896
4.089685
4.091474
4.093263
4.095052
4.096841
4.098630
4.100419
4.102208
4.103997
4.105786
4.107575
4.109364
4.111153
4.112942
4.114731
4.116520
4.118309
4.120098
4.121887
4.123676
4.125465
4.127254
4.129043
4.130832
4.132621
4.134410
4.136199
4.137988
4.139777
4.141566
4.143355
4.145144
4.146933
4.148722
4.150511
4.152300
4.154089
4.155878
4.157667
4.159456
4.161245
4.163034
4.164823
4.166612
4.168401
4.170190
4.171979
4.173768
4.175557
4.177346
4.179135
4.180924
4.182713
4.184502
4.186291
4.188080
4.189869
4.191658
4.193447
4.195236
4.197025
4.198814
4.200603
4.202392
4.204181
4.205970
4.207759
4.209548
4.211337
4.213126
4.214915
4.216704
4.218493
4.220282
4.222071
4.223860
4.225649
4.227438
4.229227
4.231016
4.232805
4.234594
4.236383
4.238172
4.239961
4.241750
4.243539
4.245328
4.247117
4.248906
4.250695
4.252484
4.254273
4.256062
4.257851
4.259640
4.261429
4.263218
4.265007
4.266796
4.268585
4.270374
4.272163
4.273952
4.275741
4.277530
4.279319
4.281108
4.282897
4.284686
4.286475
4.288264
4.290053
4.291842
4.293631
4.295420
4.297209
4.298998
4.300787
4.302576
4.304365
4.306154
4.307943
4.309732
4.311521
4.313310
4.315099
4.316888
4.318677
4.320466
4.322255
4.324044
4.325833
4.327622
4.329411
4.331200
4.332989
4.334778
4.336567
4.338356
4.340145
4.341934
4.343723
4.345512
4.347301
4.349090
4.350879
4.352668
4.354457
4.356246
4.358035
4.359824
4.361613
4.363402
4.365191
4.366980
4.368769
4.370558
4.372347
4.374136
4.375925
4.377714
4.379503
4.381292
4.383081
4.384870
4.386659
4.388448
4.390237
4.392026
4.393815
4.395604
4.397393
4.399182
4.400971
4.402760
4.404549
4.406338
4.408127
4.409916
4.411705
4.413494
4.415283
4.417072
4.418861
4.420650
4.422439
4.424228
4.426017
4.427806
4.429595
4.431384
4.433173
4.434962
4.436751
4.438540
4.440329
4.442118
4.443907
4.445696
4.447485
4.449274
4.451063
4.452852
4.454641
4.456430
4.458219
4.460008
4.461797
4.463586
4.465375
4.467164
4.468953
4.470742
4.472531
4.474320
4.476109
4.477898
4.479687
4.481476
4.483265
4.485054
4.486843
4.488632
4.490421
4.492210
4.493999
4.495788
4.497577
4.499366
4.501155
4.502944
4.504733
4.506522
4.508311
4.510100
4.511889
4.513678
4.515467
4.517256
4.519045
4.520834
4.522623
4.524412
4.526201
4.527990
4.529779
4.531568
4.533357
4.535146
4.536935
4.538724
4.540513
4.542302
4.544091
4.545880
4.547669
4.549458
4.551247
4.553036
4.554825
4.556614
4.558403
4.560192
4.561981
4.563770
4.565559
4.567348
4.569137
4.570926
4.572715
4.574504
4.576293
4.578082
4.579871
4.581660
4.583449
4.585238
4.587027
4.588816
4.590605
4.592394
4.594183
4.595972
4.597761
4.599550
4.601339
4.603128
4.604917
4.606706
4.608495
4.610284
4.612073
4.613862
4.615651
4.617440
4.619229
4.621018
4.622807
4.624596
4.626385
4.628174
4.629963
4.631752
4.633541
4.635330
4.637119
4.638908
4.640697
4.642486
4.644275
4.646064
4.647853
4.649642
4.651431
4.653220
4.655009
4.656798
4.658587
4.660376
4.662165
4.663954
4.665743
4.667532
4.669321
4.671110
4.672899
4.674688
4.676477
4.678266
4.680055
4.681844
4.683633
4.685422
4.687211
4.689000
4.690789
4.692578
4.694367
4.696156
4.697945
4.699734
4.701523
4.703312
4.705101
4.706890
4.708679
4.710468
4.712257
4.714046
4.715835
4.717624
4.719413
4.721202
4.722991
4.724780
4.726569
4.728358
4.730147
4.731936
4.733725
4.735514
4.737303
4.739092
4.740881
4.742670
4.744459
4.746248
4.748037
4.749826
4.751615
4.753404
4.755193
4.756982
4.758771
4.760560
4.762349
4.764138
4.765927
4.767716
4.769505
4.771294
4.773083
4.774872
4.776661
4.778450
4.780239
4.782028
4.783817
4.785606
4.787395
4.789184
4.790973
4.792762
4.794551
4.796340
4.798129
4.799918
4.801707
4.803496
4.805285
4.807074
4.808863
4.810652
4.812441
4.814230
4.816019
4.817808
4.819597
4.821386
4.823175
4.824964
4.826753
4.828542
4.830331
4.832120
4.833909
4.835698
4.837487
4.839276
4.841065
4.842854
4.844643
4.846432
4.848221
4.850010
4.851799
4.853588
4.855377
4.857166
4.858955
4.860744
4.862533
4.864322
4.866111
4.867900
4.869689
4.871478
4.873267
4.875056
4.876845
4.878634
4.880423
4.882212
4.884001
4.885790
4.887579
4.889368
4.891157
4.892946
4.894735
4.896524
4.898313
4.900102
4.901891
4.903680
4.905469
4.907258
4.909047
4.910836
4.912625
4.914414
4.916203
4.917992
4.919781
4.921570
4.923359
4.925148
4.926937
4.928726
4.930515
4.932304
4.934093
4.935882
4.937671
4.939460
4.941249
4.943038
4.944827
4.946616
4.948405
4.950194
4.951983
4.953772
4.955561
4.957350
4.959139
4.960928
4.962717
4.964506
4.966295
4.968084
4.969873
4.971662
4.973451
4.975240
4.977029
4.978818
4.980607
4.982396
4.984185
4.985974
4.987763
4.989552
4.991341
4.993130
4.994919
4.996708
4.998497
5.000286
5.002075
5.003864
5.005653
5.007442
5.009231
5.011020
5.012809
5.014598
5.016387
5.018176
5.019965
5.021754
5.023543
5.025332
5.027121
5.028910
5.030699
5.032488
5.034277
5.036066
5.037855
5.039644
5.041433
5.043222
5.045011
5.046800
5.048589
5.050378
5.052167
5.053956
5.055745
5.057534
5.059323
5.061112
5.062901
5.064690
5.066479
5.068268
5.070057
5.071846
5.073635
5.075424
5.077213
5.079002
5.080791
5.082580
5.084369
5.086158
5.087947
5.089736
5.091525
5.093314
5.095103
5.096892
5.098681
5.100470
5.102259
5.104048
5.105837
5.107626
5.109415
5.111204
5.112993
5.114782
5.116571
5.118360
5.120149
5.121938
5.123727
5.125516
5.127305
5.129094
5.130883
5.132672
5.134461
5.136250
5.138039
5.139828
5.141617
5.143406
5.145195
5.146984
5.148773
5.150562
5.152351
5.154140
5.155929
5.157718
5.159507
5.161296
5.163085
5.164874
5.166663
5.168452
5.170241
5.172030
5.173819
5.175608
5.177397
5.179186
5.180975
5.182764
5.184553
5.186342
5.188131
5.189920
5.191709
5.193498
5.195287
5.197076
5.198865
5.200654
5.202443
5.204232
5.206021
5.207810
5.209599
5.211388
5.213177
5.214966
5.216755
5.218544
5.220333
5.222122
5.223911
5.225700
5.227489
5.229278
5.231067
5.232856
5.234645
5.236434
5.238223
5.240012
5.241801
5.243590
5.245379
5.247168
5.248957
5.250746
5.252535
5.254324
5.256113
5.257902
5.259691
