3.969920000000000115e+00 4.242296211200000306e-04
3.971270000000000078e+00 4.789351620000000518e-04
3.972620000000000040e+00 5.289622982399999791e-04
3.973970000000000002e+00 5.747473331600000401e-04
3.975319999999999965e+00 6.235329173200000090e-04
3.976669999999999927e+00 6.780460950200000803e-04
3.978030000000000399e+00 7.423003980000001355e-04
3.979380000000000361e+00 8.177028993000000400e-04
3.980730000000000324e+00 9.016711715700001170e-04
3.982080000000000286e+00 9.797668915200001549e-04
3.983430000000000692e+00 1.053254742870000319e-03
3.984780000000000655e+00 1.143572088300000159e-03
3.986130000000000617e+00 1.254674278800000124e-03
3.987480000000000580e+00 1.394968040760000095e-03
3.988840000000000163e+00 1.574199694840000075e-03
3.990190000000000126e+00 1.798254937110000057e-03
3.991540000000000532e+00 2.070355916440000128e-03
3.992890000000000494e+00 2.396963810120000381e-03
3.994240000000000457e+00 2.776512056960000162e-03
3.995590000000000419e+00 3.191022015240000623e-03
3.996940000000000381e+00 3.654038520460000262e-03
3.998290000000000344e+00 4.179972297599999879e-03
3.999650000000000372e+00 4.787781032500000589e-03
4.001000000000000334e+00 5.512017660000000097e-03
4.002349999999999852e+00 6.398476897999999177e-03
4.003700000000000259e+00 7.489601479000000499e-03
4.005049999999999777e+00 8.827650856499998783e-03
4.006400000000000183e+00 1.051319424000000079e-02
4.007750000000000590e+00 1.264417070750000101e-02
4.009100000000000108e+00 1.535785982500000035e-02
4.010450000000000514e+00 1.884839311900000230e-02
4.011809999999999654e+00 2.338247352209999949e-02
4.013160000000000061e+00 2.933266801919999847e-02
4.014510000000000467e+00 3.724782813300000356e-02
4.015859999999999985e+00 4.797185721600000230e-02
4.017210000000000392e+00 6.280224909300000102e-02
4.018559999999999910e+00 8.357519788799999683e-02
4.019910000000000316e+00 1.130483110110000050e-01
4.021259999999999835e+00 1.554397946699999922e-01
4.022619999999999862e+00 2.164101175459999804e-01
4.023970000000000269e+00 3.039811561220000513e-01
4.025319999999999787e+00 4.274044522799999579e-01
4.026670000000000194e+00 5.914936629800000567e-01
4.028019999999999712e+00 7.906479617399998494e-01
4.029370000000000118e+00 1.007797818809999857e+00
4.030719999999999636e+00 1.215072636159999941e+00
4.032070000000000043e+00 1.383512082890000050e+00
4.033430000000000071e+00 1.495019063510000024e+00
4.034780000000000477e+00 1.549129572320000259e+00
4.036130000000000884e+00 1.558458768510000425e+00
4.037480000000000402e+00 1.547994056880000358e+00
4.038830000000000808e+00 1.535442001100000287e+00
4.040180000000000327e+00 1.528876835239999954e+00
4.041530000000000733e+00 1.532491594580000394e+00
4.042880000000000251e+00 1.547278904959999979e+00
4.044240000000000279e+00 1.572275140559999951e+00
4.045590000000000686e+00 1.604667091140000279e+00
4.046940000000000204e+00 1.638970230600000244e+00
4.048290000000000610e+00 1.670235391620000343e+00
4.049640000000000128e+00 1.694648801160000051e+00
4.050990000000000535e+00 1.709380046340000181e+00
4.052340000000000053e+00 1.713349613699999940e+00
4.053690000000000460e+00 1.706915624130000086e+00
4.055050000000000487e+00 1.690911244450000295e+00
4.056400000000000006e+00 1.669557450400000143e+00
4.057750000000000412e+00 1.646886530500000223e+00
4.059099999999999930e+00 1.625434122200000164e+00
4.060450000000000337e+00 1.607816386500000139e+00
4.061799999999999855e+00 1.594037162800000074e+00
4.063150000000000261e+00 1.581971199900000125e+00
4.064499999999999780e+00 1.567844294499999958e+00
4.065859999999999808e+00 1.544042861879999951e+00
4.067210000000000214e+00 1.502899170360000092e+00
4.068559999999999732e+00 1.437682635839999890e+00
4.069910000000000139e+00 1.344486628679999907e+00
4.071259999999999657e+00 1.223718974499999890e+00
4.072610000000000063e+00 1.077926196970000028e+00
4.073960000000000470e+00 9.141314406400000703e-01
4.075309999999999988e+00 7.511896663699999532e-01
4.076670000000000016e+00 6.004038042599999514e-01
4.078019999999999534e+00 4.689722999999999531e-01
4.079369999999999941e+00 3.600908851439999503e-01
4.080720000000000347e+00 2.735759575920000408e-01
4.082069999999999865e+00 2.070858603419999944e-01
4.083420000000000272e+00 1.572574043040000091e-01
4.084769999999999790e+00 1.201772012159999931e-01
4.086120000000000196e+00 9.260046866400001297e-02
4.087480000000000224e+00 7.201731011999999710e-02
4.088830000000000631e+00 5.655955874100000724e-02
4.090180000000000149e+00 4.493349042599999871e-02
4.091530000000000555e+00 3.605759009220000505e-02
4.092880000000000074e+00 2.920347644719999830e-02
4.094230000000000480e+00 2.386780509260000294e-02
4.095580000000000886e+00 1.967516632000000307e-02
4.096930000000000405e+00 1.634384187970000166e-02
4.098280000000000811e+00 1.367989470880000280e-02
4.099639999999999951e+00 1.153220532719999997e-02
4.100990000000000357e+00 9.781640338100002288e-03
4.102340000000000764e+00 8.343790349400000486e-03
4.103690000000000282e+00 7.159502758500000535e-03
4.105040000000000688e+00 6.168520456800000856e-03
4.106390000000000207e+00 5.332024223300000330e-03
4.107740000000000613e+00 4.619975178000000279e-03
4.109090000000000131e+00 4.014441220939999472e-03
4.110450000000000159e+00 3.499509706050000189e-03
4.111800000000000566e+00 3.060807472800000564e-03
4.113150000000000084e+00 2.685755329199999899e-03
4.114500000000000490e+00 2.367257002500000422e-03
4.115850000000000009e+00 2.096597526599999674e-03
4.117200000000000415e+00 1.867458990000000173e-03
4.118549999999999933e+00 1.674330605700000054e-03
4.119900000000000340e+00 1.509172928700000180e-03
4.121260000000000367e+00 1.365196223820000238e-03
4.122609999999999886e+00 1.239796627909999860e-03
4.123960000000000292e+00 1.127486540040000158e-03
4.125309999999999810e+00 1.024727004000000000e-03
4.126660000000000217e+00 9.295260383400000834e-04
4.128009999999999735e+00 8.405701642599999268e-04
4.129360000000000142e+00 7.567754191200001031e-04
4.130709999999999660e+00 6.822611092799998498e-04
4.132069999999999688e+00 6.187774824999999574e-04
4.133420000000000094e+00 5.621533868400000519e-04
4.134769999999999612e+00 5.086842140199999886e-04
4.136120000000000019e+00 4.565159727599999947e-04
