1.714100000000000179e+01 1.714100000000000302e-03
1.714700000000000202e+01 1.714700000000000208e-03
1.715300000000000225e+01 1.715300000000000331e-03
1.715900000000000247e+01 1.715900000000000238e-03
1.716499999999999915e+01 1.716499999999999927e-03
1.717000000000000171e+01 1.717000000000000210e-03
1.717600000000000193e+01 1.717600000000000333e-03
1.718200000000000216e+01 1.718200000000000239e-03
1.718800000000000239e+01 1.718800000000000362e-03
1.719399999999999906e+01 3.438800000000000103e-03
1.719900000000000162e+01 3.439800000000000670e-03
1.720500000000000185e+01 3.441000000000000482e-03
1.721100000000000207e+01 3.442200000000000728e-03
1.721700000000000230e+01 3.443400000000000540e-03
1.722300000000000253e+01 3.444600000000000786e-03
1.722800000000000153e+01 3.445600000000000485e-03
1.723400000000000176e+01 5.170199999999999796e-03
1.724000000000000199e+01 5.172000000000000382e-03
1.724600000000000222e+01 5.173800000000000100e-03
1.725200000000000244e+01 5.175600000000000686e-03
1.725700000000000145e+01 5.177099999999999584e-03
1.726300000000000168e+01 5.178900000000000170e-03
1.726900000000000190e+01 5.180699999999999888e-03
1.727500000000000213e+01 5.182500000000000474e-03
1.728100000000000236e+01 6.912400000000001703e-03
1.728600000000000136e+01 6.914400000000001101e-03
1.729200000000000159e+01 6.916800000000000725e-03
1.729800000000000182e+01 6.919200000000001217e-03
1.730400000000000205e+01 6.921600000000000842e-03
1.731000000000000227e+01 5.193000000000000567e-03
1.731500000000000128e+01 5.194500000000000332e-03
1.732100000000000151e+01 5.196300000000000051e-03
1.732700000000000173e+01 5.198099999999999769e-03
1.733300000000000196e+01 5.199900000000000355e-03
1.733900000000000219e+01 5.201700000000000074e-03
1.734400000000000119e+01 5.203199999999999839e-03
1.735000000000000142e+01 5.204999999999999558e-03
1.735600000000000165e+01 5.206800000000000143e-03
1.736200000000000188e+01 5.208599999999999862e-03
1.736800000000000210e+01 5.210400000000000448e-03
1.737300000000000111e+01 5.211900000000000213e-03
1.737900000000000134e+01 5.213699999999999932e-03
1.738500000000000156e+01 5.215499999999999650e-03
1.739100000000000179e+01 5.217300000000000236e-03
1.739700000000000202e+01 3.479400000000000548e-03
1.740200000000000102e+01 3.480400000000000247e-03
1.740800000000000125e+01 3.481600000000000493e-03
1.741400000000000148e+01 3.482800000000000305e-03
1.742000000000000171e+01 3.484000000000000551e-03
1.742600000000000193e+01 3.485200000000000364e-03
1.743100000000000094e+01 3.486200000000000496e-03
1.743700000000000117e+01 3.487400000000000309e-03
1.744300000000000139e+01 3.488600000000000555e-03
1.744900000000000162e+01 3.489800000000000367e-03
1.745500000000000185e+01 3.491000000000000613e-03
1.746000000000000085e+01 3.492000000000000312e-03
1.746600000000000108e+01 5.239800000000000187e-03
1.747200000000000131e+01 5.241599999999999905e-03
1.747800000000000153e+01 5.243399999999999624e-03
1.748400000000000176e+01 5.245200000000000209e-03
1.748900000000000077e+01 5.246699999999999975e-03
1.749500000000000099e+01 5.248499999999999693e-03
1.750100000000000122e+01 5.250300000000000279e-03
1.750700000000000145e+01 5.252099999999999998e-03
1.751300000000000168e+01 5.253899999999999716e-03
1.751800000000000068e+01 7.007200000000000754e-03
1.752400000000000091e+01 7.009600000000000379e-03
1.753000000000000114e+01 7.012000000000000871e-03
1.753600000000000136e+01 7.014400000000000496e-03
1.754200000000000159e+01 8.771000000000001018e-03
1.754700000000000060e+01 8.773500000000000049e-03
1.755300000000000082e+01 8.776500000000001314e-03
1.755900000000000105e+01 1.053540000000000032e-02
1.756500000000000128e+01 1.053899999999999976e-02
1.757100000000000151e+01 1.229970000000000022e-02
1.757600000000000051e+01 1.230320000000000025e-02
1.758200000000000074e+01 1.406560000000000102e-02
1.758800000000000097e+01 1.407040000000000200e-02
1.759400000000000119e+01 1.407520000000000125e-02
1.760000000000000142e+01 1.583999999999999991e-02
1.760500000000000043e+01 1.584450000000000094e-02
1.761100000000000065e+01 1.761100000000000165e-02
1.761700000000000088e+01 1.761700000000000071e-02
1.762300000000000111e+01 1.938530000000000114e-02
1.762900000000000134e+01 1.939190000000000358e-02
1.763400000000000034e+01 2.116079999999999697e-02
1.764000000000000057e+01 2.116799999999999932e-02
1.764600000000000080e+01 2.117519999999999819e-02
1.765200000000000102e+01 2.294759999999999855e-02
1.765800000000000125e+01 2.295540000000000080e-02
1.766300000000000026e+01 2.296190000000000037e-02
1.766900000000000048e+01 2.473660000000000095e-02
1.767500000000000071e+01 2.474499999999999963e-02
1.768100000000000094e+01 2.475340000000000179e-02
1.768700000000000117e+01 2.476180000000000048e-02
1.769200000000000017e+01 2.476880000000000054e-02
1.769800000000000040e+01 2.654700000000000115e-02
1.770400000000000063e+01 2.655600000000000321e-02
1.771000000000000085e+01 2.656500000000000181e-02
1.771600000000000108e+01 2.657400000000000387e-02
1.772100000000000009e+01 2.658150000000000096e-02
1.772700000000000031e+01 2.836320000000000160e-02
1.773300000000000054e+01 2.837280000000000357e-02
1.773900000000000077e+01 2.838240000000000207e-02
1.774500000000000099e+01 2.839200000000000404e-02
1.775000000000000000e+01 3.017499999999999696e-02
1.775600000000000023e+01 3.018519999999999884e-02
1.776200000000000045e+01 3.019540000000000071e-02
1.776800000000000068e+01 3.020559999999999912e-02
1.777400000000000091e+01 3.199319999999999942e-02
1.777899999999999991e+01 3.200220000000000148e-02
1.778500000000000014e+01 3.379150000000000209e-02
1.779100000000000037e+01 3.380290000000000378e-02
1.779700000000000060e+01 3.559400000000000064e-02
1.780300000000000082e+01 3.560600000000000570e-02
1.780799999999999983e+01 3.739679999999999394e-02
1.781400000000000006e+01 3.919080000000000480e-02
1.782000000000000028e+01 3.920400000000000273e-02
1.782600000000000051e+01 4.099980000000000291e-02
1.783200000000000074e+01 4.279679999999999596e-02
1.783699999999999974e+01 4.459250000000000019e-02
1.784299999999999997e+01 4.460750000000000132e-02
1.784900000000000020e+01 4.640740000000000143e-02
1.785500000000000043e+01 4.820850000000000135e-02
1.786100000000000065e+01 5.001080000000000109e-02
1.786599999999999966e+01 5.359799999999999981e-02
1.787199999999999989e+01 5.540319999999999967e-02
1.787800000000000011e+01 5.720960000000000628e-02
1.788400000000000034e+01 5.901719999999999883e-02
1.789000000000000057e+01 6.082599999999999812e-02
1.789499999999999957e+01 6.442199999999999316e-02
1.790099999999999980e+01 6.623370000000000646e-02
1.790700000000000003e+01 6.804659999999999875e-02
1.791300000000000026e+01 7.165200000000000735e-02
1.791900000000000048e+01 7.346790000000000265e-02
1.792399999999999949e+01 7.707319999999999449e-02
1.792999999999999972e+01 7.889200000000000379e-02
1.793599999999999994e+01 8.250559999999999838e-02
1.794200000000000017e+01 8.432740000000001068e-02
1.794800000000000040e+01 8.794520000000000115e-02
1.795299999999999940e+01 9.156029999999999724e-02
1.795899999999999963e+01 9.338679999999999204e-02
1.796499999999999986e+01 9.701100000000000001e-02
1.797100000000000009e+01 1.006375999999999937e-01
1.797700000000000031e+01 1.042666000000000009e-01
1.798199999999999932e+01 1.078920000000000018e-01
1.798799999999999955e+01 1.115255999999999886e-01
1.799399999999999977e+01 1.151616000000000029e-01
1.800000000000000000e+01 1.205999999999999989e-01
1.800600000000000023e+01 1.242414000000000018e-01
1.801099999999999923e+01 1.296791999999999945e-01
1.801699999999999946e+01 1.333257999999999943e-01
1.802299999999999969e+01 1.387771000000000143e-01
1.802899999999999991e+01 1.442319999999999991e-01
1.803500000000000014e+01 1.496905000000000041e-01
1.803999999999999915e+01 1.551440000000000041e-01
1.804599999999999937e+01 1.606093999999999855e-01
1.805199999999999960e+01 1.660783999999999871e-01
1.805799999999999983e+01 1.733567999999999776e-01
1.806400000000000006e+01 1.788336000000000092e-01
1.806900000000000261e+01 1.861107000000000178e-01
1.807499999999999929e+01 1.934024999999999772e-01
1.808099999999999952e+01 2.006990999999999914e-01
1.808699999999999974e+01 2.098091999999999735e-01
1.809299999999999997e+01 2.189252999999999894e-01
1.809800000000000253e+01 2.280348000000000375e-01
1.810399999999999920e+01 2.371623999999999954e-01
1.810999999999999943e+01 2.462959999999999872e-01
1.811599999999999966e+01 2.572472000000000092e-01
1.812199999999999989e+01 2.682055999999999885e-01
1.812700000000000244e+01 2.791558000000000650e-01
1.813299999999999912e+01 2.919412999999999592e-01
1.813899999999999935e+01 3.029213000000000044e-01
1.814499999999999957e+01 3.175375000000000281e-01
1.815099999999999980e+01 3.303482000000000363e-01
1.815600000000000236e+01 3.449640000000000484e-01
1.816200000000000259e+01 3.596076000000000827e-01
1.816799999999999926e+01 3.760775999999999564e-01
1.817399999999999949e+01 3.925584000000000295e-01
1.817999999999999972e+01 4.072319999999999829e-01
1.818500000000000227e+01 4.273475000000000468e-01
1.819100000000000250e+01 4.456795000000000617e-01
1.819699999999999918e+01 4.640234999999999221e-01
1.820299999999999940e+01 4.841997999999999580e-01
1.820899999999999963e+01 5.062101999999999435e-01
1.821400000000000219e+01 5.282060000000000644e-01
1.822000000000000242e+01 5.502440000000000664e-01
1.822600000000000264e+01 5.759416000000001645e-01
1.823199999999999932e+01 5.998327999999999438e-01
1.823799999999999955e+01 6.255633999999998807e-01
1.824300000000000210e+01 6.530993999999999966e-01
1.824900000000000233e+01 6.806877000000001177e-01
1.825500000000000256e+01 7.101195000000000146e-01
1.826099999999999923e+01 7.395705000000000195e-01
1.826699999999999946e+01 7.726940999999999393e-01
1.827200000000000202e+01 8.039680000000000160e-01
1.827800000000000225e+01 8.371324000000001098e-01
1.828400000000000247e+01 8.739752000000001741e-01
1.828999999999999915e+01 9.108419999999999295e-01
1.829599999999999937e+01 9.477327999999999308e-01
1.830100000000000193e+01 9.864239000000001312e-01
1.830700000000000216e+01 1.027022700000000066e+00
1.831300000000000239e+01 1.069479200000000185e+00
1.831900000000000261e+01 1.111963300000000210e+00
1.832499999999999929e+01 1.158140000000000169e+00
1.833000000000000185e+01 1.206114000000000130e+00
1.833600000000000207e+01 1.254182400000000142e+00
1.834200000000000230e+01 1.302281999999999940e+00
1.834800000000000253e+01 1.355917200000000156e+00
1.835399999999999920e+01 1.409587199999999818e+00
1.835900000000000176e+01 1.463212299999999910e+00
1.836500000000000199e+01 1.520622000000000140e+00
1.837100000000000222e+01 1.579906000000000033e+00
1.837700000000000244e+01 1.641066100000000194e+00
1.838299999999999912e+01 1.702265799999999940e+00
1.838800000000000168e+01 1.767086800000000180e+00
1.839400000000000190e+01 1.832042400000000182e+00
1.840000000000000213e+01 1.897040000000000060e+00
1.840600000000000236e+01 1.969442000000000137e+00
1.841200000000000259e+01 2.040049600000000130e+00
1.841700000000000159e+01 2.110588200000000025e+00
1.842300000000000182e+01 2.184967800000000349e+00
1.842900000000000205e+01 2.259395400000000276e+00
1.843500000000000227e+01 2.335714500000000360e+00
1.844100000000000250e+01 2.412082800000000304e+00
1.844600000000000151e+01 2.492054600000000342e+00
1.845200000000000173e+01 2.572208800000000295e+00
1.845800000000000196e+01 2.652414600000000178e+00
1.846400000000000219e+01 2.734518400000000682e+00
1.847000000000000242e+01 2.816675000000000484e+00
1.847500000000000142e+01 2.900575000000000347e+00
1.848100000000000165e+01 2.982833400000000079e+00
1.848700000000000188e+01 3.068842000000000514e+00
1.849300000000000210e+01 3.153056500000000373e+00
1.849900000000000233e+01 3.237325000000000230e+00
1.850400000000000134e+01 3.321468000000000309e+00
1.851000000000000156e+01 3.405840000000000423e+00
1.851600000000000179e+01 3.488414400000000359e+00
1.852200000000000202e+01 3.571041600000000482e+00
1.852800000000000225e+01 3.653721600000000347e+00
1.853300000000000125e+01 3.734399500000000316e+00
1.853900000000000148e+01 3.815326200000000334e+00
1.854500000000000171e+01 3.896304500000000726e+00
1.855100000000000193e+01 3.975479300000000382e+00
1.855700000000000216e+01 4.054704500000000600e+00
1.856200000000000117e+01 4.133757400000000359e+00
1.856800000000000139e+01 4.209365600000000818e+00
1.857400000000000162e+01 4.283164400000000427e+00
1.858000000000000185e+01 4.358868000000000187e+00
1.858600000000000207e+01 4.429043800000000530e+00
1.859100000000000108e+01 4.499022000000000077e+00
1.859700000000000131e+01 4.571142599999999945e+00
1.860300000000000153e+01 4.637727900000000680e+00
1.860900000000000176e+01 4.700633400000000073e+00
1.861500000000000199e+01 4.765440000000000786e+00
1.862000000000000099e+01 4.828165999999999514e+00
1.862600000000000122e+01 4.885599799999999604e+00
1.863200000000000145e+01 4.943069600000000285e+00
1.863800000000000168e+01 5.000575399999999782e+00
1.864400000000000190e+01 5.054388400000000559e+00
1.864900000000000091e+01 5.104231300000000360e+00
1.865500000000000114e+01 5.154376499999999695e+00
1.866100000000000136e+01 5.204552900000000371e+00
1.866700000000000159e+01 5.247293700000001060e+00
1.867300000000000182e+01 5.290060900000000288e+00
1.867800000000000082e+01 5.334436800000000645e+00
1.868400000000000105e+01 5.373518400000000916e+00
1.869000000000000128e+01 5.408885999999999861e+00
1.869600000000000151e+01 5.446144800000000785e+00
1.870200000000000173e+01 5.481556200000000878e+00
1.870700000000000074e+01 5.511082199999999709e+00
1.871300000000000097e+01 5.540919299999999659e+00
1.871900000000000119e+01 5.572646300000000608e+00
1.872500000000000142e+01 5.598774999999999835e+00
1.873100000000000165e+01 5.623046200000000994e+00
1.873600000000000065e+01 5.647030400000000228e+00
1.874200000000000088e+01 5.669455000000000133e+00
1.874800000000000111e+01 5.688143200000000732e+00
1.875400000000000134e+01 5.706842200000000531e+00
1.876000000000000156e+01 5.727428000000000630e+00
1.876500000000000057e+01 5.740213500000000302e+00
1.877100000000000080e+01 5.755188600000000321e+00
1.877700000000000102e+01 5.770172100000000803e+00
1.878300000000000125e+01 5.781407400000000862e+00
1.878900000000000148e+01 5.790769799999999634e+00
1.879400000000000048e+01 5.799828399999999995e+00
1.880000000000000071e+01 5.809200000000000585e+00
1.880600000000000094e+01 5.816695800000000638e+00
1.881200000000000117e+01 5.822314000000000433e+00
1.881800000000000139e+01 5.827934599999999854e+00
1.882300000000000040e+01 5.831365400000000143e+00
1.882900000000000063e+01 5.835107100000000102e+00
1.883500000000000085e+01 5.836966500000000835e+00
1.884100000000000108e+01 5.838825900000000679e+00
1.884700000000000131e+01 5.840685300000000524e+00
1.885200000000000031e+01 5.840349600000000585e+00
1.885800000000000054e+01 5.842208400000000523e+00
1.886400000000000077e+01 5.840294400000000330e+00
1.887000000000000099e+01 5.840265000000000484e+00
1.887600000000000122e+01 5.838346800000000947e+00
1.888100000000000023e+01 5.838005199999999562e+00
1.888700000000000045e+01 5.836083000000000354e+00
1.889300000000000068e+01 5.836047699999999949e+00
1.889900000000000091e+01 5.834121299999999621e+00
1.890500000000000114e+01 5.834082999999999686e+00
1.891000000000000014e+01 5.831844000000000250e+00
1.891600000000000037e+01 5.829911199999999738e+00
1.892200000000000060e+01 5.829868199999999945e+00
1.892800000000000082e+01 5.827931200000000089e+00
1.893400000000000105e+01 5.827885200000000765e+00
1.893900000000000006e+01 5.825636399999999604e+00
1.894500000000000028e+01 5.825587500000000141e+00
1.895100000000000051e+01 5.825537399999999977e+00
1.895700000000000074e+01 5.825486100000000889e+00
1.896300000000000097e+01 5.825433600000000212e+00
1.896799999999999997e+01 5.825072800000000051e+00
1.897400000000000020e+01 5.825018000000000029e+00
1.898000000000000043e+01 5.823064000000000462e+00
1.898600000000000065e+01 5.823006200000000021e+00
1.899200000000000088e+01 5.822947199999999768e+00
1.899699999999999989e+01 5.822580499999999937e+00
1.900300000000000011e+01 5.824419500000000305e+00
1.900900000000000034e+01 5.826258499999999785e+00
1.901500000000000057e+01 5.828097500000000153e+00
1.902100000000000080e+01 5.829936500000000521e+00
1.902599999999999980e+01 5.831469000000000236e+00
1.903200000000000003e+01 5.833307999999999716e+00
1.903800000000000026e+01 5.835147000000000084e+00
1.904400000000000048e+01 5.835081600000000535e+00
1.905000000000000071e+01 5.835015000000000285e+00
1.905499999999999972e+01 5.836546499999999860e+00
1.906099999999999994e+01 5.836478200000000172e+00
1.906700000000000017e+01 5.834501999999999633e+00
1.907300000000000040e+01 5.834430700000000414e+00
1.907900000000000063e+01 5.834358200000000494e+00
1.908399999999999963e+01 5.832070399999999211e+00
1.908999999999999986e+01 5.830085999999999657e+00
1.909600000000000009e+01 5.828099200000000479e+00
1.910200000000000031e+01 5.826109999999999900e+00
1.910800000000000054e+01 5.822207600000000483e+00
1.911299999999999955e+01 5.819908499999999485e+00
1.911899999999999977e+01 5.817911699999999797e+00
1.912500000000000000e+01 5.814000000000000057e+00
1.913100000000000023e+01 5.810084700000000879e+00
1.913700000000000045e+01 5.808079499999999840e+00
1.914199999999999946e+01 5.803854400000000524e+00
1.914799999999999969e+01 5.799929200000000229e+00
1.915399999999999991e+01 5.797915800000000175e+00
1.916000000000000014e+01 5.793984000000000023e+00
1.916600000000000037e+01 5.790048599999999546e+00
1.917099999999999937e+01 5.785807799999999723e+00
1.917699999999999960e+01 5.783783199999999347e+00
1.918299999999999983e+01 5.779837900000000417e+00
1.918900000000000006e+01 5.777807899999999997e+00
1.919500000000000028e+01 5.773856000000000321e+00
1.919999999999999929e+01 5.771519999999999762e+00
1.920599999999999952e+01 5.769482400000000233e+00
1.921199999999999974e+01 5.767442400000000191e+00
1.921799999999999997e+01 5.765399999999999636e+00
1.922400000000000020e+01 5.763355200000000345e+00
1.922899999999999920e+01 5.761008399999999696e+00
1.923499999999999943e+01 5.760882499999999240e+00
1.924099999999999966e+01 5.758831299999999764e+00
1.924699999999999989e+01 5.758702400000000665e+00
1.925300000000000011e+01 5.756647000000000070e+00
1.925800000000000267e+01 5.756216200000000782e+00
1.926399999999999935e+01 5.756083199999999955e+00
1.926999999999999957e+01 5.755949000000000204e+00
1.927599999999999980e+01 5.755813599999999752e+00
1.928200000000000003e+01 5.755676999999999488e+00
1.928700000000000259e+01 5.755240800000001045e+00
1.929299999999999926e+01 5.755101899999999659e+00
1.929899999999999949e+01 5.756891699999999723e+00
1.930499999999999972e+01 5.756751000000000396e+00
1.931099999999999994e+01 5.756609099999999479e+00
1.931600000000000250e+01 5.756168000000000617e+00
1.932199999999999918e+01 5.756023799999999468e+00
1.932799999999999940e+01 5.755878400000000283e+00
1.933399999999999963e+01 5.757665199999999928e+00
1.933999999999999986e+01 5.757518000000000136e+00
1.934500000000000242e+01 5.755137500000000017e+00
1.935100000000000264e+01 5.754987400000000974e+00
1.935699999999999932e+01 5.754836100000000343e+00
1.936299999999999955e+01 5.754683599999999899e+00
1.936899999999999977e+01 5.754529899999999643e+00
1.937400000000000233e+01 5.752140600000000603e+00
1.938000000000000256e+01 5.751984000000001096e+00
1.938599999999999923e+01 5.749887599999999210e+00
1.939199999999999946e+01 5.747788799999999476e+00
1.939799999999999969e+01 5.745687600000000117e+00
1.940300000000000225e+01 5.743288000000000615e+00
1.940900000000000247e+01 5.741182200000000790e+00
1.941500000000000270e+01 5.739074000000000453e+00
1.942099999999999937e+01 5.736963399999999602e+00
1.942699999999999960e+01 5.734850400000000015e+00
1.943200000000000216e+01 5.730496800000000945e+00
1.943800000000000239e+01 5.728378600000000986e+00
1.944400000000000261e+01 5.726258000000000514e+00
1.944999999999999929e+01 5.722190000000000332e+00
1.945599999999999952e+01 5.720063999999999815e+00
1.946100000000000207e+01 5.715695700000001267e+00
1.946700000000000230e+01 5.711617800000000855e+00
1.947300000000000253e+01 5.709483600000001324e+00
1.947899999999999920e+01 5.705399099999999279e+00
1.948499999999999943e+01 5.703259499999999704e+00
1.949000000000000199e+01 5.698876000000000275e+00
1.949600000000000222e+01 5.696731200000001216e+00
1.950200000000000244e+01 5.694584000000000756e+00
1.950800000000000267e+01 5.694385200000001035e+00
1.951399999999999935e+01 5.694185199999999725e+00
1.951900000000000190e+01 5.693692300000001261e+00
1.952500000000000213e+01 5.693490000000001494e+00
1.953100000000000236e+01 5.693286500000000139e+00
1.953700000000000259e+01 5.693081800000000747e+00
1.954299999999999926e+01 5.692875899999999767e+00
1.954800000000000182e+01 5.694332400000000405e+00
1.955400000000000205e+01 5.694124800000000874e+00
1.956000000000000227e+01 5.693916000000001532e+00
1.956600000000000250e+01 5.695662600000001241e+00
1.957199999999999918e+01 5.695451999999999515e+00
1.957700000000000173e+01 5.696907000000000387e+00
1.958300000000000196e+01 5.696694700000000111e+00
1.958900000000000219e+01 5.698440100000000896e+00
1.959500000000000242e+01 5.698226000000000901e+00
1.960100000000000264e+01 5.699970800000000892e+00
1.960600000000000165e+01 5.701424800000000737e+00
1.961200000000000188e+01 5.703169600000000727e+00
1.961800000000000210e+01 5.704914400000000718e+00
1.962400000000000233e+01 5.706659200000000709e+00
1.963000000000000256e+01 5.708404000000000700e+00
1.963500000000000156e+01 5.709858000000000544e+00
1.964100000000000179e+01 5.711602800000000535e+00
1.964700000000000202e+01 5.713347600000000526e+00
1.965300000000000225e+01 5.717057700000000686e+00
1.965900000000000247e+01 5.718803100000000583e+00
1.966400000000000148e+01 5.720257600000000053e+00
1.967000000000000171e+01 5.723970000000000447e+00
1.967600000000000193e+01 5.725716000000000250e+00
1.968200000000000216e+01 5.727462000000000053e+00
1.968800000000000239e+01 5.731176800000000959e+00
1.969300000000000139e+01 5.732632300000000569e+00
1.969900000000000162e+01 5.736348800000000914e+00
1.970500000000000185e+01 5.738096000000000529e+00
1.971100000000000207e+01 5.741814300000000593e+00
1.971700000000000230e+01 5.743562100000001003e+00
1.972200000000000131e+01 5.746990799999999844e+00
1.972800000000000153e+01 5.750712000000000046e+00
1.973400000000000176e+01 5.752461000000000269e+00
1.974000000000000199e+01 5.756184000000001078e+00
1.974600000000000222e+01 5.759908200000000811e+00
1.975100000000000122e+01 5.761366700000000840e+00
1.975700000000000145e+01 5.765092600000000900e+00
1.976300000000000168e+01 5.768819700000000772e+00
1.976900000000000190e+01 5.772548000000000457e+00
1.977500000000000213e+01 5.776277500000000842e+00
1.978000000000000114e+01 5.781694000000000777e+00
1.978600000000000136e+01 5.785426400000000413e+00
1.979200000000000159e+01 5.791139200000000820e+00
1.979800000000000182e+01 5.794874600000000875e+00
1.980400000000000205e+01 5.800591600000000625e+00
1.980900000000000105e+01 5.806017900000000509e+00
1.981500000000000128e+01 5.811739500000000724e+00
1.982100000000000151e+01 5.819445600000000773e+00
1.982700000000000173e+01 5.825172600000001033e+00
1.983300000000000196e+01 5.832885300000000051e+00
1.983800000000000097e+01 5.838323400000000163e+00
1.984400000000000119e+01 5.846042399999999972e+00
1.985000000000000142e+01 5.853765000000000107e+00
1.985600000000000165e+01 5.861491200000000568e+00
1.986200000000000188e+01 5.869221000000000465e+00
1.986700000000000088e+01 5.878645300000000518e+00
1.987300000000000111e+01 5.886382600000001020e+00
1.987900000000000134e+01 5.894123500000000071e+00
1.988500000000000156e+01 5.903856500000000729e+00
1.989100000000000179e+01 5.913594300000000636e+00
1.989600000000000080e+01 5.921049599999999913e+00
1.990200000000000102e+01 5.930795999999999957e+00
1.990800000000000125e+01 5.938556400000000401e+00
1.991400000000000148e+01 5.948311800000000815e+00
1.992000000000000171e+01 5.956080000000000041e+00
1.992500000000000071e+01 5.965545000000000542e+00
1.993100000000000094e+01 5.973320700000000372e+00
1.993700000000000117e+01 5.981100000000000527e+00
1.994300000000000139e+01 5.990877200000000791e+00
1.994900000000000162e+01 5.998664300000000615e+00
1.995400000000000063e+01 6.006153999999999549e+00
1.996000000000000085e+01 6.013948000000000071e+00
1.996600000000000108e+01 6.021745600000000032e+00
1.997200000000000131e+01 6.029546800000000317e+00
1.997800000000000153e+01 6.037351600000000929e+00
1.998300000000000054e+01 6.042859200000000541e+00
1.998900000000000077e+01 6.050670300000001056e+00
1.999500000000000099e+01 6.058485000000000120e+00
2.000100000000000122e+01 6.064303200000001226e+00
2.000700000000000145e+01 6.072124500000000147e+00
2.001200000000000045e+01 6.077644400000000502e+00
2.001800000000000068e+01 6.085472000000000214e+00
2.002400000000000091e+01 6.091300800000000848e+00
2.003000000000000114e+01 6.097132000000000218e+00
2.003600000000000136e+01 6.102965600000000101e+00
2.004100000000000037e+01 6.110500899999999902e+00
2.004700000000000060e+01 6.116339700000000157e+00
2.005300000000000082e+01 6.122180900000000925e+00
2.005900000000000105e+01 6.128024500000000430e+00
2.006500000000000128e+01 6.133870500000001336e+00
2.007000000000000028e+01 6.139413000000000231e+00
2.007600000000000051e+01 6.145263599999999826e+00
2.008200000000000074e+01 6.151116600000000822e+00
2.008800000000000097e+01 6.156972000000000556e+00
2.009400000000000119e+01 6.162829799999999913e+00
2.009900000000000020e+01 6.168383099999999786e+00
2.010500000000000043e+01 6.174245499999999609e+00
2.011100000000000065e+01 6.180110300000000834e+00
2.011700000000000088e+01 6.185977499999999907e+00
2.012300000000000111e+01 6.189834799999999859e+00
2.012800000000000011e+01 6.195398400000000194e+00
2.013400000000000034e+01 6.201272000000000340e+00
2.014000000000000057e+01 6.205134000000000150e+00
2.014600000000000080e+01 6.211011800000000527e+00
2.015200000000000102e+01 6.216892000000000529e+00
2.015700000000000003e+01 6.220450200000000152e+00
2.016300000000000026e+01 6.226334400000000713e+00
2.016900000000000048e+01 6.230204099999999912e+00
2.017500000000000071e+01 6.236092499999999816e+00
2.018100000000000094e+01 6.239965199999999435e+00
2.018599999999999994e+01 6.245548400000000555e+00
2.019200000000000017e+01 6.249424000000000312e+00
2.019800000000000040e+01 6.255320599999999231e+00
2.020400000000000063e+01 6.261219600000000440e+00
2.021000000000000085e+01 6.265100000000000335e+00
2.021499999999999986e+01 6.270692999999999628e+00
2.022100000000000009e+01 6.276598400000000133e+00
2.022700000000000031e+01 6.280483499999999886e+00
2.023300000000000054e+01 6.286393099999999734e+00
2.023900000000000077e+01 6.292305100000000095e+00
2.024399999999999977e+01 6.297908399999999851e+00
2.025000000000000000e+01 6.303825000000000678e+00
2.025600000000000023e+01 6.309744000000000241e+00
2.026200000000000045e+01 6.315665399999999430e+00
2.026800000000000068e+01 6.321589200000000019e+00
2.027299999999999969e+01 6.327203299999999864e+00
2.027899999999999991e+01 6.333131700000000031e+00
2.028500000000000014e+01 6.339062499999999822e+00
2.029100000000000037e+01 6.344995699999999239e+00
2.029700000000000060e+01 6.350931300000000057e+00
2.030199999999999960e+01 6.356556199999999990e+00
2.030799999999999983e+01 6.362496400000000385e+00
2.031400000000000006e+01 6.368439000000000405e+00
2.032000000000000028e+01 6.374384000000000050e+00
2.032600000000000051e+01 6.380331400000000208e+00
2.033099999999999952e+01 6.385967099999999341e+00
2.033699999999999974e+01 6.389885399999999827e+00
2.034299999999999997e+01 6.395839200000000169e+00
2.034900000000000020e+01 6.401795400000000136e+00
2.035500000000000043e+01 6.407754000000000616e+00
2.035999999999999943e+01 6.411363999999999841e+00
2.036599999999999966e+01 6.417326599999999992e+00
2.037199999999999989e+01 6.421254399999999585e+00
2.037800000000000011e+01 6.425183400000000766e+00
2.038400000000000034e+01 6.431151999999999980e+00
2.038899999999999935e+01 6.434768399999999389e+00
2.039499999999999957e+01 6.438701499999999633e+00
2.040099999999999980e+01 6.442635800000000579e+00
2.040700000000000003e+01 6.446571300000000448e+00
2.041300000000000026e+01 6.448466699999999996e+00
2.041799999999999926e+01 6.452087999999999823e+00
2.042399999999999949e+01 6.456026399999999832e+00
2.042999999999999972e+01 6.457923000000000080e+00
2.043599999999999994e+01 6.461863199999999807e+00
2.044200000000000017e+01 6.463760399999999962e+00
2.044700000000000273e+01 6.467386100000001470e+00
2.045299999999999940e+01 6.469283900000000642e+00
2.045899999999999963e+01 6.473227600000000415e+00
2.046499999999999986e+01 6.475126000000000381e+00
2.047100000000000009e+01 6.477024400000000348e+00
2.047600000000000264e+01 6.478606400000001209e+00
2.048199999999999932e+01 6.480504800000000287e+00
2.048799999999999955e+01 6.484452000000000105e+00
2.049399999999999977e+01 6.486350999999999978e+00
2.050000000000000000e+01 6.488249999999999851e+00
2.050500000000000256e+01 6.483681000000000694e+00
2.051099999999999923e+01 6.479424899999999710e+00
2.051699999999999946e+01 6.477216899999999278e+00
2.052299999999999969e+01 6.472954200000000213e+00
2.052899999999999991e+01 6.468687899999999935e+00
2.053400000000000247e+01 6.466156600000001475e+00
2.054000000000000270e+01 6.461884000000000405e+00
2.054599999999999937e+01 6.457607799999999898e+00
2.055199999999999960e+01 6.455383199999999988e+00
2.055799999999999983e+01 6.451100400000000512e+00
2.056300000000000239e+01 6.446500500000000855e+00
2.056900000000000261e+01 6.444267700000001042e+00
2.057499999999999929e+01 6.439974999999999561e+00
2.058099999999999952e+01 6.437736800000000592e+00
2.058699999999999974e+01 6.433437500000000142e+00
2.059200000000000230e+01 6.430881600000001086e+00
2.059800000000000253e+01 6.428635800000000344e+00
2.060400000000000276e+01 6.424327200000001348e+00
2.060999999999999943e+01 6.422075999999999674e+00
2.061599999999999966e+01 6.419822400000000151e+00
2.062100000000000222e+01 6.415193100000000648e+00
2.062700000000000244e+01 6.412934300000000754e+00
2.063300000000000267e+01 6.410673100000000346e+00
2.063899999999999935e+01 6.408409499999999426e+00
2.064499999999999957e+01 6.406143500000000657e+00
2.065000000000000213e+01 6.401500000000000412e+00
2.065600000000000236e+01 6.399228800000001272e+00
2.066200000000000259e+01 6.396955200000000730e+00
2.066799999999999926e+01 6.394679199999999675e+00
2.067399999999999949e+01 6.392400799999998995e+00
2.067900000000000205e+01 6.387743100000000673e+00
2.068500000000000227e+01 6.385459500000000510e+00
2.069100000000000250e+01 6.383173500000000722e+00
2.069700000000000273e+01 6.378815400000000579e+00
2.070299999999999940e+01 6.376523999999999859e+00
2.070800000000000196e+01 6.373922400000000543e+00
2.071400000000000219e+01 6.369555000000000966e+00
2.072000000000000242e+01 6.367256000000001137e+00
2.072600000000000264e+01 6.362882000000000815e+00
2.073199999999999932e+01 6.358504399999999279e+00
2.073700000000000188e+01 6.355890500000000110e+00
2.074300000000000210e+01 6.351506600000001335e+00
2.074900000000000233e+01 6.347119100000000458e+00
2.075500000000000256e+01 6.344803500000001151e+00
2.076099999999999923e+01 6.340409399999999529e+00
2.076600000000000179e+01 6.335706599999999966e+00
2.077200000000000202e+01 6.331305600000001199e+00
2.077800000000000225e+01 6.326901000000000330e+00
2.078400000000000247e+01 6.322492800000000912e+00
2.079000000000000270e+01 6.316002000000001004e+00
2.079500000000000171e+01 6.311282500000000795e+00
2.080100000000000193e+01 6.306863200000001335e+00
2.080700000000000216e+01 6.302440300000000661e+00
2.081300000000000239e+01 6.295932500000000154e+00
2.081900000000000261e+01 6.291501800000001587e+00
2.082400000000000162e+01 6.284683200000000802e+00
2.083000000000000185e+01 6.280245000000000744e+00
2.083600000000000207e+01 6.273719600000000618e+00
2.084200000000000230e+01 6.269273600000000890e+00
2.084800000000000253e+01 6.262739200000000395e+00
2.085300000000000153e+01 6.255900000000000460e+00
2.085900000000000176e+01 6.251442300000000785e+00
2.086500000000000199e+01 6.244894500000000903e+00
2.087100000000000222e+01 6.238341900000000884e+00
2.087700000000000244e+01 6.231784500000000726e+00
2.088200000000000145e+01 6.227012400000000447e+00
2.088800000000000168e+01 6.220446400000001042e+00
2.089400000000000190e+01 6.213875600000000610e+00
2.090000000000000213e+01 6.207300000000000040e+00
2.090600000000000236e+01 6.200719600000000220e+00
2.091100000000000136e+01 6.193838200000000960e+00
2.091700000000000159e+01 6.187248600000000209e+00
2.092300000000000182e+01 6.178561900000000939e+00
2.092900000000000205e+01 6.171962100000000895e+00
2.093500000000000227e+01 6.165357500000000712e+00
2.094000000000000128e+01 6.158453999999999873e+00
2.094600000000000151e+01 6.149745600000001033e+00
2.095200000000000173e+01 6.143126400000000764e+00
2.095800000000000196e+01 6.136502400000000357e+00
2.096400000000000219e+01 6.129873600000000700e+00
2.096900000000000119e+01 6.120851100000000322e+00
2.097500000000000142e+01 6.114212499999999828e+00
2.098100000000000165e+01 6.105470999999999648e+00
2.098700000000000188e+01 6.098822200000000748e+00
2.099300000000000210e+01 6.092168600000000822e+00
2.099800000000000111e+01 6.083120600000000877e+00
2.100400000000000134e+01 6.082758400000001231e+00
2.101000000000000156e+01 6.084496000000000571e+00
2.101600000000000179e+01 6.086233600000000799e+00
2.102200000000000202e+01 6.087971200000001026e+00
2.102700000000000102e+01 6.089419200000000920e+00
2.103300000000000125e+01 6.093260100000001067e+00
2.103900000000000148e+01 6.094998300000000313e+00
2.104500000000000171e+01 6.096736500000000447e+00
2.105100000000000193e+01 6.100579800000000219e+00
2.105600000000000094e+01 6.104134400000000404e+00
2.106200000000000117e+01 6.107979999999999521e+00
2.106800000000000139e+01 6.111826800000001114e+00
2.107400000000000162e+01 6.115674800000000744e+00
2.108000000000000185e+01 6.121631999999999962e+00
2.108500000000000085e+01 6.125192499999999818e+00
2.109100000000000108e+01 6.131153700000000484e+00
2.109700000000000131e+01 6.137117299999999886e+00
2.110300000000000153e+01 6.143083300000000690e+00
2.110900000000000176e+01 6.149051700000000231e+00
2.111400000000000077e+01 6.156842400000000382e+00
2.112000000000000099e+01 6.162816000000000294e+00
2.112600000000000122e+01 6.170904600000000961e+00
2.113200000000000145e+01 6.176883600000000918e+00
2.113800000000000168e+01 6.184978800000001442e+00
2.114300000000000068e+01 6.192784699999999809e+00
2.114900000000000091e+01 6.200886800000001031e+00
2.115500000000000114e+01 6.208992499999999914e+00
2.116100000000000136e+01 6.214985700000000612e+00
2.116700000000000159e+01 6.223098000000000241e+00
2.117200000000000060e+01 6.230919600000000003e+00
2.117800000000000082e+01 6.239038799999999441e+00
2.118400000000000105e+01 6.247161600000000092e+00
2.119000000000000128e+01 6.255288000000001070e+00
2.119600000000000151e+01 6.263417999999999708e+00
2.120100000000000051e+01 6.271255800000000491e+00
2.120700000000000074e+01 6.279392699999999827e+00
2.121300000000000097e+01 6.287533200000000377e+00
2.121900000000000119e+01 6.295677300000000365e+00
2.122500000000000142e+01 6.301702500000000207e+00
2.123000000000000043e+01 6.309556000000000608e+00
2.123600000000000065e+01 6.317709999999999937e+00
2.124200000000000088e+01 6.325867600000000479e+00
2.124800000000000111e+01 6.334028799999999571e+00
2.125400000000000134e+01 6.340068200000001042e+00
2.125900000000000034e+01 6.347937399999999286e+00
2.126500000000000057e+01 6.356108500000000383e+00
2.127100000000000080e+01 6.364283200000000917e+00
2.127700000000000102e+01 6.370333800000000046e+00
2.128300000000000125e+01 6.378515100000000437e+00
2.128800000000000026e+01 6.386400000000000077e+00
2.129400000000000048e+01 6.394588200000000278e+00
2.130000000000000071e+01 6.402779999999999916e+00
2.130600000000000094e+01 6.410975399999999880e+00
2.131200000000000117e+01 6.419174400000001057e+00
2.131700000000000017e+01 6.427075499999999941e+00
2.132300000000000040e+01 6.435281400000000041e+00
2.132900000000000063e+01 6.445623800000000791e+00
2.133500000000000085e+01 6.453837499999999672e+00
2.134100000000000108e+01 6.462054800000000654e+00
2.134600000000000009e+01 6.469972599999999296e+00
2.135200000000000031e+01 6.480331999999999759e+00
2.135800000000000054e+01 6.488560400000000783e+00
2.136400000000000077e+01 6.496792399999999468e+00
2.137000000000000099e+01 6.505028000000000254e+00
2.137500000000000000e+01 6.515100000000000335e+00
2.138100000000000023e+01 6.523343099999999950e+00
2.138700000000000045e+01 6.531589799999999890e+00
2.139300000000000068e+01 6.541979400000000666e+00
2.139900000000000091e+01 6.550233900000000276e+00
2.140399999999999991e+01 6.558185599999999837e+00
2.141000000000000014e+01 6.566446999999999257e+00
2.141600000000000037e+01 6.574711999999999890e+00
2.142200000000000060e+01 6.585122800000000609e+00
2.142800000000000082e+01 6.593395600000000023e+00
2.143299999999999983e+01 6.601364000000000232e+00
2.143900000000000006e+01 6.609643700000000344e+00
2.144500000000000028e+01 6.617926999999999893e+00
2.145100000000000051e+01 6.624068800000000756e+00
2.145700000000000074e+01 6.632358700000000162e+00
2.146199999999999974e+01 6.640342799999999990e+00
2.146799999999999997e+01 6.648639599999999206e+00
2.147400000000000020e+01 6.656939999999999635e+00
2.148000000000000043e+01 6.663095999999999464e+00
2.148600000000000065e+01 6.671402999999999750e+00
2.149099999999999966e+01 6.677253699999999625e+00
2.149699999999999989e+01 6.685566999999999815e+00
2.150300000000000011e+01 6.689583299999999788e+00
2.150900000000000034e+01 6.693600799999999573e+00
2.151500000000000057e+01 6.695467999999999975e+00
2.151999999999999957e+01 6.697023999999998978e+00
2.152599999999999980e+01 6.698891199999999380e+00
2.153200000000000003e+01 6.700758399999999781e+00
2.153800000000000026e+01 6.704779400000000500e+00
2.154400000000000048e+01 6.706647200000000808e+00
2.154899999999999949e+01 6.708203700000000325e+00
2.155499999999999972e+01 6.707915999999999102e+00
2.156099999999999994e+01 6.709783199999999503e+00
2.156700000000000017e+01 6.711650399999999905e+00
2.157300000000000040e+01 6.713517599999999419e+00
2.157799999999999940e+01 6.715073599999999310e+00
2.158399999999999963e+01 6.714782399999999818e+00
2.158999999999999986e+01 6.716648999999999425e+00
2.159600000000000009e+01 6.716356000000000215e+00
2.160200000000000031e+01 6.716061800000000304e+00
2.160699999999999932e+01 6.717616300000000429e+00
2.161299999999999955e+01 6.717320400000000191e+00
2.161899999999999977e+01 6.717023299999999253e+00
2.162500000000000000e+01 6.716724999999999390e+00
2.163100000000000023e+01 6.716425499999999715e+00
2.163600000000000279e+01 6.715814400000001072e+00
2.164199999999999946e+01 6.715512600000000276e+00
2.164799999999999969e+01 6.715209599999999668e+00
2.165399999999999991e+01 6.714905399999999247e+00
2.166000000000000014e+01 6.716765999999999792e+00
2.166500000000000270e+01 6.713983500000001214e+00
2.167099999999999937e+01 6.713675799999999860e+00
2.167699999999999960e+01 6.713366899999999582e+00
2.168299999999999983e+01 6.713056799999999491e+00
2.168900000000000006e+01 6.712745499999999588e+00
2.169400000000000261e+01 6.714293000000000511e+00
2.169999999999999929e+01 6.713980000000000281e+00
2.170599999999999952e+01 6.713665800000000239e+00
2.171199999999999974e+01 6.713350399999999496e+00
2.171799999999999997e+01 6.715205599999999109e+00
2.172300000000000253e+01 6.714579300000000472e+00
2.172900000000000276e+01 6.716433900000000179e+00
2.173499999999999943e+01 6.718288499999999885e+00
2.174099999999999966e+01 6.720143099999999592e+00
2.174699999999999989e+01 6.721997699999999298e+00
2.175200000000000244e+01 6.723543200000000830e+00
2.175800000000000267e+01 6.725397800000000537e+00
2.176399999999999935e+01 6.729428799999999100e+00
2.176999999999999957e+01 6.731283999999999601e+00
2.177599999999999980e+01 6.735316800000000548e+00
2.178100000000000236e+01 6.739041400000000515e+00
2.178700000000000259e+01 6.743076500000000806e+00
2.179300000000000281e+01 6.747112800000000910e+00
2.179899999999999949e+01 6.751150299999999049e+00
2.180499999999999972e+01 6.755189000000000554e+00
2.181000000000000227e+01 6.758919000000000565e+00
2.181600000000000250e+01 6.762960000000000527e+00
2.182200000000000273e+01 6.769184400000000323e+00
2.182799999999999940e+01 6.773228399999999816e+00
2.183399999999999963e+01 6.777273600000000009e+00
2.183900000000000219e+01 6.783193400000000040e+00
2.184500000000000242e+01 6.787241500000000372e+00
2.185100000000000264e+01 6.791290800000001404e+00
2.185699999999999932e+01 6.795341299999999585e+00
2.186299999999999955e+01 6.799393000000000242e+00
2.186800000000000210e+01 6.805321600000000082e+00
2.187400000000000233e+01 6.809376200000000878e+00
2.188000000000000256e+01 6.813432000000000599e+00
2.188600000000000279e+01 6.815300400000000813e+00
2.189199999999999946e+01 6.819358000000000253e+00
2.189700000000000202e+01 6.823105200000000536e+00
2.190300000000000225e+01 6.824974800000000563e+00
2.190900000000000247e+01 6.829035300000000142e+00
2.191500000000000270e+01 6.830905500000000075e+00
2.192099999999999937e+01 6.834967800000000260e+00
2.192600000000000193e+01 6.836526800000001458e+00
2.193200000000000216e+01 6.838397600000001297e+00
2.193800000000000239e+01 6.840268400000001137e+00
2.194400000000000261e+01 6.842139200000000976e+00
2.194999999999999929e+01 6.844009999999999927e+00
2.195500000000000185e+01 6.843373500000000220e+00
2.196100000000000207e+01 6.845243700000000153e+00
2.196700000000000230e+01 6.847113900000000086e+00
2.197300000000000253e+01 6.846786800000000284e+00
2.197900000000000276e+01 6.848656400000000311e+00
2.198400000000000176e+01 6.850214400000000481e+00
2.199000000000000199e+01 6.849885000000000446e+00
2.199600000000000222e+01 6.851754000000000566e+00
2.200200000000000244e+01 6.851422800000000812e+00
2.200800000000000267e+01 6.851090400000001246e+00
2.201300000000000168e+01 6.848244300000000173e+00
2.201900000000000190e+01 6.847909000000000468e+00
2.202500000000000213e+01 6.847572500000000950e+00
2.203100000000000236e+01 6.845031699999999830e+00
2.203700000000000259e+01 6.844692200000000781e+00
2.204200000000000159e+01 6.844041000000000707e+00
2.204800000000000182e+01 6.841494400000001086e+00
2.205400000000000205e+01 6.841150800000000309e+00
2.206000000000000227e+01 6.840806000000000608e+00
2.206600000000000250e+01 6.840460000000001095e+00
2.207100000000000151e+01 6.837595800000000779e+00
2.207700000000000173e+01 6.837246900000000238e+00
2.208300000000000196e+01 6.834688500000000388e+00
2.208900000000000219e+01 6.834336600000001205e+00
2.209500000000000242e+01 6.831774000000000235e+00
2.210000000000000142e+01 6.831109999999999793e+00
2.210600000000000165e+01 6.828543400000000929e+00
2.211200000000000188e+01 6.828185600000001187e+00
2.211800000000000210e+01 6.825614800000000315e+00
2.212400000000000233e+01 6.823041600000000706e+00
2.212900000000000134e+01 6.820157799999999604e+00
2.213500000000000156e+01 6.819793500000000286e+00
2.214100000000000179e+01 6.817213900000000493e+00
2.214700000000000202e+01 6.814631900000000186e+00
2.215300000000000225e+01 6.812047500000000255e+00
2.215800000000000125e+01 6.809153400000000467e+00
2.216400000000000148e+01 6.806564400000000070e+00
2.217000000000000171e+01 6.803973000000000937e+00
2.217600000000000193e+01 6.799161600000000583e+00
2.218200000000000216e+01 6.796564800000000517e+00
2.218700000000000117e+01 6.793659400000001014e+00
2.219300000000000139e+01 6.791058000000000483e+00
2.219900000000000162e+01 6.788454200000001215e+00
2.220500000000000185e+01 6.783627500000000587e+00
2.221100000000000207e+01 6.781018300000001275e+00
2.221600000000000108e+01 6.778101600000000282e+00
2.222200000000000131e+01 6.773265600000001108e+00
2.222800000000000153e+01 6.770648800000000023e+00
2.223400000000000176e+01 6.768029600000000201e+00
2.224000000000000199e+01 6.763183999999999862e+00
2.224500000000000099e+01 6.760255500000000417e+00
2.225100000000000122e+01 6.757628700000000599e+00
2.225700000000000145e+01 6.754999500000000268e+00
2.226300000000000168e+01 6.750141600000000963e+00
2.226900000000000190e+01 6.747507000000000588e+00
2.227400000000000091e+01 6.744567200000000540e+00
2.228000000000000114e+01 6.741927999999999699e+00
2.228600000000000136e+01 6.739286400000000121e+00
2.229200000000000159e+01 6.736642400000000919e+00
2.229800000000000182e+01 6.733996000000000315e+00
2.230300000000000082e+01 6.731045400000000178e+00
2.230900000000000105e+01 6.728394399999999997e+00
2.231500000000000128e+01 6.725741000000000192e+00
2.232100000000000151e+01 6.723085200000000761e+00
2.232700000000000173e+01 6.722659700000000349e+00
2.233200000000000074e+01 6.719698800000000638e+00
2.233800000000000097e+01 6.717036600000001023e+00
2.234400000000000119e+01 6.714372000000000007e+00
2.235000000000000142e+01 6.713940000000000019e+00
2.235600000000000165e+01 6.711271200000001436e+00
2.236100000000000065e+01 6.708300000000000374e+00
2.236700000000000088e+01 6.707863300000000528e+00
2.237300000000000111e+01 6.705188100000000873e+00
2.237900000000000134e+01 6.702510499999999816e+00
2.238500000000000156e+01 6.702069000000000720e+00
2.239000000000000057e+01 6.699088000000000598e+00
2.239600000000000080e+01 6.698643599999999587e+00
2.240200000000000102e+01 6.695957800000000404e+00
2.240800000000000125e+01 6.695510400000000750e+00
2.241400000000000148e+01 6.692820399999999559e+00
2.241900000000000048e+01 6.692071499999999951e+00
2.242500000000000071e+01 6.691620000000000346e+00
2.243100000000000094e+01 6.688924200000000653e+00
2.243700000000000117e+01 6.688469699999999740e+00
2.244300000000000139e+01 6.688013999999999903e+00
2.244800000000000040e+01 6.685014400000000023e+00
2.245400000000000063e+01 6.684555800000000936e+00
2.246000000000000085e+01 6.684095999999999371e+00
2.246600000000000108e+01 6.683634999999999771e+00
2.247200000000000131e+01 6.683172800000000358e+00
2.247700000000000031e+01 6.680164400000000668e+00
2.248300000000000054e+01 6.679699299999999340e+00
2.248900000000000077e+01 6.679232999999999976e+00
2.249500000000000099e+01 6.681015000000000370e+00
2.250100000000000122e+01 6.680546900000000399e+00
2.250600000000000023e+01 6.679780800000000518e+00
2.251200000000000045e+01 6.679310400000000314e+00
2.251800000000000068e+01 6.678838799999999409e+00
2.252400000000000091e+01 6.678365999999999580e+00
2.253000000000000114e+01 6.680145000000000444e+00
2.253500000000000014e+01 6.679374000000000144e+00
2.254100000000000037e+01 6.678898300000000177e+00
2.254700000000000060e+01 6.678421400000000396e+00
2.255300000000000082e+01 6.680198600000000653e+00
2.255900000000000105e+01 6.679719899999999377e+00
2.256400000000000006e+01 6.681200399999999817e+00
2.257000000000000028e+01 6.680719999999999992e+00
2.257600000000000051e+01 6.680238400000000354e+00
2.258200000000000074e+01 6.679755600000000015e+00
2.258800000000000097e+01 6.681530400000000647e+00
2.259299999999999997e+01 6.680750100000000025e+00
2.259900000000000020e+01 6.680264399999999547e+00
2.260500000000000043e+01 6.679777500000000146e+00
2.261100000000000065e+01 6.679289400000000043e+00
2.261700000000000088e+01 6.678800100000000128e+00
2.262199999999999989e+01 6.675752199999999803e+00
2.262800000000000011e+01 6.675259999999999749e+00
2.263400000000000034e+01 6.672503200000000412e+00
2.264000000000000057e+01 6.672008000000000827e+00
2.264600000000000080e+01 6.669246999999999481e+00
2.265099999999999980e+01 6.663924200000000297e+00
2.265700000000000003e+01 6.661157999999999468e+00
2.266300000000000026e+01 6.658389399999999902e+00
2.266900000000000048e+01 6.653351499999999419e+00
2.267500000000000071e+01 6.650577500000000697e+00
2.267999999999999972e+01 6.645239999999999370e+00
2.268599999999999994e+01 6.637923600000000590e+00
2.269200000000000017e+01 6.630602400000000785e+00
2.269800000000000040e+01 6.625546199999999608e+00
2.270400000000000063e+01 6.618215999999999433e+00
2.270899999999999963e+01 6.608318999999999832e+00
2.271499999999999986e+01 6.600979000000000596e+00
2.272100000000000009e+01 6.591362100000000446e+00
2.272700000000000031e+01 6.579466499999999662e+00
2.273300000000000054e+01 6.569836999999999705e+00
2.273799999999999955e+01 6.557639199999999668e+00
2.274399999999999977e+01 6.545723200000000297e+00
2.275000000000000000e+01 6.531525000000000247e+00
2.275600000000000023e+01 6.517318399999999734e+00
2.276200000000000045e+01 6.503103400000000534e+00
2.276699999999999946e+01 6.486318299999999759e+00
2.277299999999999969e+01 6.469809300000000540e+00
2.277899999999999991e+01 6.453290700000000157e+00
2.278500000000000014e+01 6.434483999999999426e+00
2.279100000000000037e+01 6.415666499999999495e+00
2.279599999999999937e+01 6.396557600000000399e+00
2.280199999999999960e+01 6.377719400000000149e+00
2.280799999999999983e+01 6.354308800000000090e+00
2.281400000000000006e+01 6.333166400000000529e+00
2.282000000000000028e+01 6.312012000000000178e+00
2.282500000000000284e+01 6.286005000000000287e+00
2.283099999999999952e+01 6.260260200000000275e+00
2.283699999999999974e+01 6.236784700000000292e+00
2.284299999999999997e+01 6.211011699999999358e+00
2.284900000000000020e+01 6.182939400000000418e+00
2.285400000000000276e+01 6.154582200000000114e+00
2.285999999999999943e+01 6.126479999999999926e+00
2.286599999999999966e+01 6.096075599999999817e+00
2.287199999999999989e+01 6.065654399999999669e+00
2.287800000000000011e+01 6.037504200000000765e+00
2.288300000000000267e+01 6.004499200000001480e+00
2.288899999999999935e+01 5.971740099999999885e+00
2.289499999999999957e+01 5.938963000000000214e+00
2.290099999999999980e+01 5.903877799999999176e+00
2.290700000000000003e+01 5.868773399999999363e+00
2.291200000000000259e+01 5.833395200000000891e+00
2.291800000000000281e+01 5.795962200000000841e+00
2.292399999999999949e+01 5.758508799999999539e+00
2.292999999999999972e+01 5.721034999999999648e+00
2.293599999999999994e+01 5.681247200000000497e+00
2.294100000000000250e+01 5.641191900000000814e+00
2.294700000000000273e+01 5.601362700000001027e+00
2.295299999999999940e+01 5.559216600000000064e+00
2.295899999999999963e+01 5.519343600000000016e+00
2.296499999999999986e+01 5.474855999999999945e+00
2.297000000000000242e+01 5.430108000000000601e+00
2.297600000000000264e+01 5.385574400000000317e+00
2.298200000000000287e+01 5.341016800000000231e+00
2.298799999999999955e+01 5.294136400000000187e+00
2.299399999999999977e+01 5.247230799999999640e+00
2.299900000000000233e+01 5.200073900000000471e+00
2.300500000000000256e+01 5.150819499999999884e+00
2.301100000000000279e+01 5.099237600000000370e+00
2.301699999999999946e+01 5.049929800000000135e+00
2.302299999999999969e+01 4.998293299999999384e+00
2.302800000000000225e+01 4.944111600000000273e+00
2.303400000000000247e+01 4.890118199999999860e+00
2.304000000000000270e+01 4.838400000000000034e+00
2.304599999999999937e+01 4.782044999999999213e+00
2.305199999999999960e+01 4.727965199999999868e+00
2.305700000000000216e+01 4.673653900000000583e+00
2.306300000000000239e+01 4.617212600000000222e+00
2.306900000000000261e+01 4.560741300000000109e+00
2.307500000000000284e+01 4.504240000000001132e+00
2.308099999999999952e+01 4.445400600000000146e+00
2.308600000000000207e+01 4.388648599999999789e+00
2.309200000000000230e+01 4.329750000000000654e+00
2.309800000000000253e+01 4.273130000000000095e+00
2.310400000000000276e+01 4.214169600000000848e+00
2.310999999999999943e+01 4.155177999999999372e+00
2.311500000000000199e+01 4.098289500000000807e+00
2.312100000000000222e+01 4.039238700000000293e+00
2.312700000000000244e+01 3.980156700000000658e+00
2.313300000000000267e+01 3.921043500000000570e+00
2.313899999999999935e+01 3.864212999999999898e+00
2.314400000000000190e+01 3.804873600000000078e+00
2.315000000000000213e+01 3.745670000000000499e+00
2.315600000000000236e+01 3.688750800000000218e+00
2.316200000000000259e+01 3.631801600000000185e+00
2.316800000000000281e+01 3.574822400000000400e+00
2.317300000000000182e+01 3.517661400000000160e+00
2.317900000000000205e+01 3.460624699999999887e+00
2.318500000000000227e+01 3.403558000000000749e+00
2.319100000000000250e+01 3.348780400000000324e+00
2.319700000000000273e+01 3.291654300000000255e+00
2.320200000000000173e+01 3.236679000000000528e+00
2.320800000000000196e+01 3.184137600000000123e+00
2.321400000000000219e+01 3.129247200000000451e+00
2.322000000000000242e+01 3.074327999999999950e+00
2.322600000000000264e+01 3.021702600000000238e+00
2.323100000000000165e+01 2.971244900000000744e+00
2.323700000000000188e+01 2.918567200000000028e+00
2.324300000000000210e+01 2.865861900000000517e+00
2.324900000000000233e+01 2.815453900000000065e+00
2.325500000000000256e+01 2.765019500000000630e+00
2.326000000000000156e+01 2.716768000000000072e+00
2.326600000000000179e+01 2.666283599999999865e+00
2.327200000000000202e+01 2.618100000000000094e+00
2.327800000000000225e+01 2.569891200000000264e+00
2.328400000000000247e+01 2.521657199999999932e+00
2.328900000000000148e+01 2.475620700000000340e+00
2.329500000000000171e+01 2.429668500000000453e+00
2.330100000000000193e+01 2.383692300000000319e+00
2.330700000000000216e+01 2.337692100000000384e+00
2.331300000000000239e+01 2.293999200000000460e+00
2.331800000000000139e+01 2.247855200000000053e+00
2.332400000000000162e+01 2.204118000000000244e+00
2.333000000000000185e+01 2.160358000000000001e+00
2.333600000000000207e+01 2.118908800000000259e+00
2.334200000000000230e+01 2.075103800000000387e+00
2.334700000000000131e+01 2.033523699999999934e+00
2.335300000000000153e+01 1.994346200000000291e+00
2.335900000000000176e+01 1.952812400000000004e+00
2.336500000000000199e+01 1.911257000000000206e+00
2.337100000000000222e+01 1.872017100000000323e+00
2.337600000000000122e+01 1.832678400000000041e+00
2.338200000000000145e+01 1.795737600000000045e+00
2.338800000000000168e+01 1.756438800000000189e+00
2.339400000000000190e+01 1.719459000000000071e+00
2.340000000000000213e+01 1.682460000000000289e+00
2.340500000000000114e+01 1.647712000000000288e+00
2.341100000000000136e+01 1.610676800000000020e+00
2.341700000000000159e+01 1.575964099999999979e+00
2.342300000000000182e+01 1.541233400000000087e+00
2.342900000000000205e+01 1.506484700000000121e+00
2.343400000000000105e+01 1.473998600000000048e+00
2.344000000000000128e+01 1.441559999999999953e+00
2.344600000000000151e+01 1.409104600000000040e+00
2.345200000000000173e+01 1.378977600000000026e+00
2.345800000000000196e+01 1.346489200000000164e+00
2.346300000000000097e+01 1.316274299999999897e+00
2.346900000000000119e+01 1.288448100000000096e+00
2.347500000000000142e+01 1.258260000000000156e+00
2.348100000000000165e+01 1.230404400000000065e+00
2.348700000000000188e+01 1.204883099999999985e+00
2.349200000000000088e+01 1.176949199999999918e+00
2.349800000000000111e+01 1.151402000000000037e+00
2.350400000000000134e+01 1.125841599999999998e+00
2.351000000000000156e+01 1.102619000000000016e+00
2.351600000000000179e+01 1.079384400000000133e+00
2.352100000000000080e+01 1.056092900000000112e+00
2.352700000000000102e+01 1.035187999999999997e+00
2.353300000000000125e+01 1.014272300000000016e+00
2.353900000000000148e+01 9.933458000000000565e-01
2.354500000000000171e+01 9.724085000000001200e-01
2.355000000000000071e+01 9.537750000000000394e-01
2.355600000000000094e+01 9.328176000000001356e-01
2.356200000000000117e+01 9.165617999999999821e-01
2.356800000000000139e+01 8.979408000000000944e-01
2.357400000000000162e+01 8.816676000000001068e-01
2.357900000000000063e+01 8.653493000000000990e-01
2.358500000000000085e+01 8.490599999999999259e-01
2.359100000000000108e+01 8.327622999999999553e-01
2.359700000000000131e+01 8.164561999999999653e-01
2.360300000000000153e+01 8.025020000000001597e-01
2.360800000000000054e+01 7.885071999999999637e-01
2.361400000000000077e+01 7.721778000000000253e-01
2.362000000000000099e+01 7.582019999999999316e-01
2.362600000000000122e+01 7.442190000000000749e-01
2.363200000000000145e+01 7.325920000000000210e-01
2.363700000000000045e+01 7.185648000000000035e-01
2.364300000000000068e+01 7.045614000000000043e-01
2.364900000000000091e+01 6.929157000000000233e-01
2.365500000000000114e+01 6.788985000000000714e-01
2.366100000000000136e+01 6.672402000000000610e-01
2.366600000000000037e+01 6.531816000000000288e-01
2.367200000000000060e+01 6.415111999999999481e-01
2.367800000000000082e+01 6.274669999999999970e-01
2.368400000000000105e+01 6.157839999999999980e-01
2.369000000000000128e+01 6.040950000000000486e-01
2.369500000000000028e+01 5.900054999999999605e-01
2.370100000000000051e+01 5.783044000000000517e-01
2.370700000000000074e+01 5.665973000000000814e-01
2.371300000000000097e+01 5.525129000000000845e-01
2.371900000000000119e+01 5.407932000000000849e-01
2.372400000000000020e+01 5.290451999999999932e-01
2.373000000000000043e+01 5.149409999999999821e-01
2.373600000000000065e+01 5.032031999999999616e-01
2.374200000000000088e+01 4.914593999999999907e-01
2.374800000000000111e+01 4.797096000000000138e-01
2.375300000000000011e+01 4.655587999999999949e-01
2.375900000000000034e+01 4.537969000000000031e-01
2.376500000000000057e+01 4.420289999999999497e-01
2.377100000000000080e+01 4.326322000000000223e-01
2.377700000000000102e+01 4.208529000000000297e-01
2.378200000000000003e+01 4.090503999999999807e-01
2.378800000000000026e+01 3.972595999999999905e-01
2.379400000000000048e+01 3.878421999999999703e-01
2.380000000000000071e+01 3.760400000000000409e-01
2.380600000000000094e+01 3.666124000000000049e-01
2.381099999999999994e+01 3.571650000000000102e-01
2.381700000000000017e+01 3.477281999999999873e-01
2.382300000000000040e+01 3.382866000000000484e-01
2.382900000000000063e+01 3.288402000000000269e-01
2.383500000000000085e+01 3.217725000000000168e-01
2.383999999999999986e+01 3.123040000000000260e-01
2.384600000000000009e+01 3.052288000000000223e-01
2.385200000000000031e+01 2.981500000000000261e-01
2.385800000000000054e+01 2.910676000000000374e-01
2.386400000000000077e+01 2.839816000000000562e-01
2.386899999999999977e+01 2.768803999999999710e-01
2.387500000000000000e+01 2.721750000000000003e-01
2.388100000000000023e+01 2.650791000000000119e-01
2.388700000000000045e+01 2.603682999999999970e-01
2.389300000000000068e+01 2.556550999999999685e-01
2.389799999999999969e+01 2.485391999999999879e-01
2.390399999999999991e+01 2.438208000000000042e-01
2.391000000000000014e+01 2.391000000000000070e-01
2.391600000000000037e+01 2.367684000000000177e-01
2.392200000000000060e+01 2.320434000000000108e-01
2.392699999999999960e+01 2.273064999999999947e-01
2.393299999999999983e+01 2.225768999999999664e-01
2.393900000000000006e+01 2.202387999999999846e-01
2.394500000000000028e+01 2.155049999999999744e-01
2.395100000000000051e+01 2.131638999999999895e-01
2.395599999999999952e+01 2.084171999999999692e-01
2.396199999999999974e+01 2.060731999999999842e-01
2.396799999999999997e+01 2.037280000000000202e-01
2.397400000000000020e+01 1.989842000000000000e-01
2.398000000000000043e+01 1.966360000000000330e-01
2.398499999999999943e+01 1.942784999999999929e-01
2.399099999999999966e+01 1.895289000000000279e-01
2.399699999999999989e+01 1.871765999999999985e-01
2.400300000000000011e+01 1.848231000000000179e-01
2.400900000000000034e+01 1.824684000000000028e-01
2.401400000000000290e+01 1.777036000000000171e-01
2.401999999999999957e+01 1.753460000000000019e-01
2.402599999999999980e+01 1.729872000000000076e-01
2.403200000000000003e+01 1.706272000000000066e-01
2.403800000000000026e+01 1.658621999999999874e-01
2.404300000000000281e+01 1.634924000000000099e-01
2.404899999999999949e+01 1.611283000000000021e-01
2.405499999999999972e+01 1.587629999999999875e-01
2.406099999999999994e+01 1.563964999999999939e-01
2.406700000000000017e+01 1.540288000000000213e-01
2.407200000000000273e+01 1.516536000000000273e-01
2.407799999999999940e+01 1.468758000000000008e-01
2.408399999999999963e+01 1.445039999999999936e-01
2.408999999999999986e+01 1.421310000000000073e-01
2.409600000000000009e+01 1.397567999999999866e-01
2.410100000000000264e+01 1.373757000000000172e-01
2.410700000000000287e+01 1.349992000000000136e-01
2.411299999999999955e+01 1.326215000000000033e-01
2.411899999999999977e+01 1.326544999999999808e-01
2.412500000000000000e+01 1.302750000000000019e-01
2.413000000000000256e+01 1.278890000000000027e-01
2.413600000000000279e+01 1.255072000000000132e-01
2.414199999999999946e+01 1.231242000000000031e-01
2.414799999999999969e+01 1.207400000000000001e-01
2.415399999999999991e+01 1.183545999999999904e-01
2.415900000000000247e+01 1.183791000000000149e-01
2.416500000000000270e+01 1.159919999999999979e-01
2.417100000000000293e+01 1.136037000000000158e-01
2.417699999999999960e+01 1.136319000000000079e-01
2.418299999999999983e+01 1.112418000000000018e-01
2.418800000000000239e+01 1.088459999999999983e-01
2.419400000000000261e+01 1.088729999999999976e-01
2.420000000000000284e+01 1.064800000000000191e-01
2.420599999999999952e+01 1.065064000000000011e-01
2.421199999999999974e+01 1.041115999999999986e-01
2.421700000000000230e+01 1.041331000000000062e-01
2.422300000000000253e+01 1.017366000000000104e-01
2.422900000000000276e+01 1.017617999999999995e-01
2.423499999999999943e+01 9.936350000000000737e-02
2.424099999999999966e+01 9.938810000000000699e-02
2.424600000000000222e+01 9.698400000000001464e-02
2.425200000000000244e+01 9.700800000000001089e-02
2.425800000000000267e+01 9.460620000000000140e-02
2.426400000000000290e+01 9.462960000000000815e-02
2.426999999999999957e+01 9.465299999999998715e-02
2.427500000000000213e+01 9.224500000000000755e-02
2.428100000000000236e+01 9.226780000000001092e-02
2.428700000000000259e+01 9.229060000000001429e-02
2.429300000000000281e+01 8.988410000000000843e-02
2.429899999999999949e+01 8.990630000000000843e-02
2.430400000000000205e+01 8.992480000000001306e-02
2.431000000000000227e+01 8.751600000000001045e-02
2.431600000000000250e+01 8.753760000000000707e-02
2.432200000000000273e+01 8.755920000000000369e-02
2.432799999999999940e+01 8.514800000000000146e-02
2.433300000000000196e+01 8.516550000000000509e-02
2.433900000000000219e+01 8.518650000000001221e-02
2.434500000000000242e+01 8.520750000000000546e-02
2.435100000000000264e+01 8.279340000000000310e-02
2.435700000000000287e+01 8.281380000000000685e-02
2.436200000000000188e+01 8.283079999999999610e-02
2.436800000000000210e+01 8.041440000000001087e-02
2.437400000000000233e+01 8.043420000000001124e-02
2.438000000000000256e+01 8.045400000000001162e-02
2.438600000000000279e+01 8.047380000000001199e-02
2.439100000000000179e+01 7.805120000000001501e-02
2.439700000000000202e+01 7.807040000000001201e-02
2.440300000000000225e+01 7.808960000000000901e-02
2.440900000000000247e+01 7.566790000000001015e-02
2.441500000000000270e+01 7.568650000000000377e-02
2.442000000000000171e+01 7.570200000000000540e-02
2.442600000000000193e+01 7.327800000000000979e-02
2.443200000000000216e+01 7.329600000000001392e-02
2.443800000000000239e+01 7.331400000000000416e-02
2.444400000000000261e+01 7.333200000000000829e-02
2.444900000000000162e+01 7.090209999999999568e-02
2.445500000000000185e+01 7.091949999999999643e-02
2.446100000000000207e+01 7.093689999999999718e-02
2.446700000000000230e+01 6.850760000000000183e-02
2.447300000000000253e+01 6.852440000000001308e-02
2.447800000000000153e+01 6.853839999999999932e-02
2.448400000000000176e+01 6.610680000000000722e-02
2.449000000000000199e+01 6.612300000000001510e-02
2.449600000000000222e+01 6.613920000000000909e-02
2.450200000000000244e+01 6.370520000000000349e-02
2.450700000000000145e+01 6.371820000000000261e-02
2.451300000000000168e+01 6.373380000000000711e-02
2.451900000000000190e+01 6.374939999999999773e-02
2.452500000000000213e+01 6.131250000000000588e-02
2.453100000000000236e+01 6.132750000000000701e-02
2.453600000000000136e+01 6.134000000000000563e-02
2.454200000000000159e+01 5.890079999999999621e-02
2.454800000000000182e+01 5.891520000000000090e-02
2.455400000000000205e+01 5.892959999999999865e-02
2.456000000000000227e+01 5.648800000000000349e-02
2.456500000000000128e+01 5.649950000000000111e-02
2.457100000000000151e+01 5.405620000000000563e-02
2.457700000000000173e+01 5.406940000000001051e-02
2.458300000000000196e+01 5.408260000000000844e-02
2.458900000000000219e+01 5.163689999999999947e-02
2.459400000000000119e+01 5.164739999999999609e-02
2.460000000000000142e+01 5.165999999999999759e-02
2.460600000000000165e+01 4.921200000000000574e-02
2.461200000000000188e+01 4.922400000000000386e-02
2.461800000000000210e+01 4.923600000000000199e-02
2.462300000000000111e+01 4.678370000000000445e-02
2.462900000000000134e+01 4.679509999999999920e-02
2.463500000000000156e+01 4.680650000000000088e-02
2.464100000000000179e+01 4.435379999999999878e-02
2.464700000000000202e+01 4.436460000000000403e-02
2.465200000000000102e+01 4.190839999999999843e-02
2.465800000000000125e+01 4.191860000000000031e-02
2.466400000000000148e+01 4.192880000000000218e-02
2.467000000000000171e+01 3.947200000000000708e-02
2.467600000000000193e+01 3.948160000000000558e-02
2.468100000000000094e+01 3.702149999999999885e-02
2.468700000000000117e+01 3.703050000000000092e-02
2.469300000000000139e+01 3.703950000000000298e-02
2.469900000000000162e+01 3.457860000000000100e-02
2.470500000000000185e+01 3.458699999999999969e-02
2.471000000000000085e+01 3.459399999999999975e-02
2.471600000000000108e+01 3.213080000000000103e-02
2.472200000000000131e+01 3.213860000000000328e-02
2.472800000000000153e+01 2.967359999999999789e-02
2.473400000000000176e+01 2.968080000000000024e-02
2.473900000000000077e+01 2.968679999999999930e-02
2.474500000000000099e+01 2.721950000000000411e-02
2.475100000000000122e+01 2.722610000000000308e-02
2.475700000000000145e+01 2.475700000000000123e-02
2.476300000000000168e+01 2.476300000000000376e-02
2.476800000000000068e+01 2.229120000000000060e-02
2.477400000000000091e+01 2.229659999999999975e-02
2.478000000000000114e+01 2.230199999999999891e-02
2.478600000000000136e+01 1.982880000000000059e-02
2.479200000000000159e+01 1.983360000000000331e-02
2.479700000000000060e+01 1.735789999999999902e-02
2.480300000000000082e+01 1.736210000000000184e-02
2.480900000000000105e+01 1.736630000000000118e-02
2.481500000000000128e+01 1.488899999999999946e-02
2.482100000000000151e+01 1.489259999999999889e-02
2.482600000000000051e+01 1.241300000000000042e-02
2.483200000000000074e+01 1.241599999999999995e-02
2.483800000000000097e+01 1.241900000000000122e-02
2.484400000000000119e+01 9.937600000000001293e-03
2.485000000000000142e+01 9.940000000000000918e-03
2.485500000000000043e+01 9.942000000000001184e-03
2.486100000000000065e+01 7.458299999999999305e-03
2.486700000000000088e+01 7.460099999999999891e-03
2.487300000000000111e+01 7.461899999999999610e-03
2.487900000000000134e+01 7.463699999999999328e-03
2.488400000000000034e+01 4.976799999999999974e-03
2.489000000000000057e+01 4.978000000000000654e-03
2.489600000000000080e+01 4.979200000000000466e-03
2.490200000000000102e+01 4.980400000000000278e-03
2.490800000000000125e+01 4.981600000000000091e-03
2.491300000000000026e+01 2.491300000000000112e-03
2.491900000000000048e+01 2.491900000000000018e-03
2.492500000000000071e+01 2.492500000000000358e-03
2.493100000000000094e+01 2.493100000000000264e-03
2.493700000000000117e+01 2.493700000000000170e-03
2.494200000000000017e+01 2.494200000000000236e-03
2.494800000000000040e+01 2.494800000000000142e-03
2.495400000000000063e+01 2.495400000000000049e-03
2.496000000000000085e+01 2.496000000000000388e-03
2.496600000000000108e+01 4.993200000000000589e-03
2.497100000000000009e+01 4.994199999999999855e-03
2.497700000000000031e+01 4.995400000000000534e-03
2.498300000000000054e+01 4.996600000000000347e-03
2.498900000000000077e+01 4.997800000000000159e-03
2.499500000000000099e+01 4.999000000000000839e-03
2.500000000000000000e+01 5.000000000000000104e-03
2.500600000000000023e+01 7.501799999999999441e-03
2.501200000000000045e+01 7.503599999999999159e-03
2.501800000000000068e+01 7.505399999999999745e-03
2.502400000000000091e+01 7.507199999999999464e-03
2.502899999999999991e+01 1.001160000000000071e-02
2.503500000000000014e+01 1.001400000000000033e-02
2.504100000000000037e+01 1.001639999999999996e-02
2.504700000000000060e+01 1.001880000000000132e-02
2.505300000000000082e+01 1.002120000000000094e-02
2.505799999999999983e+01 1.252900000000000021e-02
2.506400000000000006e+01 1.253199999999999974e-02
2.507000000000000028e+01 1.253500000000000100e-02
2.507600000000000051e+01 1.253800000000000053e-02
2.508200000000000074e+01 1.254100000000000006e-02
2.508699999999999974e+01 1.505219999999999822e-02
2.509299999999999997e+01 1.505579999999999939e-02
2.509900000000000020e+01 1.505939999999999883e-02
2.510500000000000043e+01 1.506299999999999827e-02
2.511100000000000065e+01 1.506659999999999944e-02
2.511599999999999966e+01 1.506959999999999897e-02
2.512199999999999989e+01 1.507319999999999841e-02
2.512800000000000011e+01 1.507679999999999958e-02
2.513400000000000034e+01 1.508039999999999901e-02
2.514000000000000057e+01 1.508399999999999845e-02
2.514499999999999957e+01 1.508699999999999798e-02
2.515099999999999980e+01 1.509059999999999915e-02
2.515700000000000003e+01 1.509419999999999859e-02
2.516300000000000026e+01 1.509779999999999803e-02
2.516900000000000048e+01 1.510139999999999920e-02
2.517399999999999949e+01 1.510439999999999873e-02
2.517999999999999972e+01 1.510799999999999817e-02
2.518599999999999994e+01 1.511159999999999934e-02
2.519200000000000017e+01 1.259599999999999956e-02
2.519800000000000040e+01 1.259900000000000082e-02
2.520300000000000296e+01 1.260150000000000159e-02
2.520899999999999963e+01 1.260449999999999939e-02
2.521499999999999986e+01 1.260750000000000065e-02
2.522100000000000009e+01 1.261050000000000018e-02
2.522700000000000031e+01 1.261349999999999971e-02
2.523200000000000287e+01 1.261600000000000221e-02
2.523799999999999955e+01 1.261900000000000001e-02
2.524399999999999977e+01 1.009759999999999998e-02
2.525000000000000000e+01 1.010000000000000134e-02
2.525600000000000023e+01 1.010240000000000096e-02
2.526100000000000279e+01 1.010440000000000123e-02
2.526699999999999946e+01 1.010680000000000085e-02
2.527299999999999969e+01 1.010920000000000048e-02
2.527899999999999991e+01 1.011160000000000010e-02
2.528500000000000014e+01 1.011399999999999973e-02
2.529000000000000270e+01 1.011600000000000173e-02
2.529600000000000293e+01 1.011840000000000135e-02
2.530199999999999960e+01 1.012080000000000098e-02
2.530799999999999983e+01 1.012320000000000060e-02
2.531400000000000006e+01 1.012560000000000023e-02
2.531900000000000261e+01 1.012760000000000223e-02
2.532500000000000284e+01 1.013000000000000185e-02
2.533099999999999952e+01 1.013239999999999974e-02
2.533699999999999974e+01 1.013480000000000110e-02
2.534299999999999997e+01 1.013720000000000072e-02
2.534800000000000253e+01 1.013920000000000099e-02
2.535400000000000276e+01 1.014160000000000235e-02
2.536000000000000298e+01 1.014400000000000197e-02
2.536599999999999966e+01 1.014639999999999986e-02
2.537199999999999989e+01 1.014880000000000122e-02
2.537700000000000244e+01 1.015080000000000149e-02
2.538300000000000267e+01 1.015320000000000111e-02
2.538900000000000290e+01 1.015560000000000247e-02
2.539499999999999957e+01 7.618499999999999404e-03
2.540099999999999980e+01 7.620299999999999123e-03
2.540600000000000236e+01 7.621799999999999756e-03
2.541200000000000259e+01 7.623600000000000342e-03
2.541800000000000281e+01 7.625400000000000060e-03
2.542399999999999949e+01 7.627199999999998911e-03
2.542999999999999972e+01 7.628999999999999497e-03
2.543500000000000227e+01 7.630500000000000130e-03
2.544100000000000250e+01 7.632299999999999848e-03
2.544700000000000273e+01 7.634100000000000434e-03
2.545300000000000296e+01 7.635900000000000153e-03
2.545899999999999963e+01 7.637699999999999004e-03
2.546400000000000219e+01 7.639199999999999637e-03
2.547000000000000242e+01 7.641000000000000222e-03
2.547600000000000264e+01 7.642799999999999941e-03
2.548200000000000287e+01 7.644600000000000527e-03
2.548799999999999955e+01 7.646399999999999378e-03
2.549300000000000210e+01 5.098600000000000874e-03
2.549900000000000233e+01 5.099800000000000687e-03
2.550500000000000256e+01 5.101000000000000499e-03
2.551100000000000279e+01 5.102200000000001179e-03
2.551699999999999946e+01 5.103400000000000124e-03
2.552200000000000202e+01 5.104400000000000256e-03
2.552800000000000225e+01 5.105600000000000936e-03
2.553400000000000247e+01 5.106800000000000749e-03
2.554000000000000270e+01 2.554000000000000280e-03
2.554600000000000293e+01 2.554600000000000620e-03
2.555100000000000193e+01 2.555100000000000253e-03
2.555700000000000216e+01 2.555700000000000159e-03
2.556300000000000239e+01 2.556300000000000499e-03
2.556900000000000261e+01 2.556900000000000405e-03
2.557500000000000284e+01 2.557500000000000311e-03
