2.140399999999999991e+01 2.140400000000000202e-03
2.141000000000000014e+01 2.141000000000000108e-03
2.141600000000000037e+01 2.141600000000000014e-03
2.142200000000000060e+01 2.142200000000000354e-03
2.142800000000000082e+01 2.142800000000000260e-03
2.143299999999999983e+01 2.143299999999999893e-03
2.143900000000000006e+01 4.287800000000000465e-03
2.144500000000000028e+01 4.289000000000000278e-03
2.145100000000000051e+01 4.290200000000000090e-03
2.145700000000000074e+01 4.291400000000000770e-03
2.146199999999999974e+01 4.292400000000000035e-03
2.146799999999999997e+01 6.440399999999999771e-03
2.147400000000000020e+01 6.442199999999999489e-03
2.148000000000000043e+01 6.443999999999999208e-03
2.148600000000000065e+01 6.445799999999999794e-03
2.149099999999999966e+01 6.447299999999999559e-03
2.149699999999999989e+01 6.449099999999999278e-03
2.150300000000000011e+01 8.601199999999999818e-03
2.150900000000000034e+01 8.603600000000001177e-03
2.151500000000000057e+01 8.606000000000000802e-03
2.151999999999999957e+01 8.608000000000001067e-03
2.152599999999999980e+01 8.610400000000000692e-03
2.153200000000000003e+01 8.612800000000000317e-03
2.153800000000000026e+01 8.615199999999999941e-03
2.154400000000000048e+01 8.617600000000001301e-03
2.154899999999999949e+01 8.619599999999999831e-03
2.155499999999999972e+01 8.621999999999999456e-03
2.156099999999999994e+01 8.624400000000000815e-03
2.156700000000000017e+01 8.626800000000000440e-03
2.157300000000000040e+01 8.629200000000000065e-03
2.157799999999999940e+01 8.631200000000000330e-03
2.158399999999999963e+01 8.633599999999999955e-03
2.158999999999999986e+01 8.635999999999999580e-03
2.159600000000000009e+01 8.638400000000000939e-03
2.160200000000000031e+01 8.640800000000000564e-03
2.160699999999999932e+01 8.642800000000000829e-03
2.161299999999999955e+01 8.645200000000000454e-03
2.161899999999999977e+01 8.647600000000000078e-03
2.162500000000000000e+01 8.649999999999999703e-03
2.163100000000000023e+01 8.652400000000001062e-03
2.163600000000000279e+01 6.490800000000000562e-03
2.164199999999999946e+01 6.492599999999999413e-03
2.164799999999999969e+01 6.494399999999999132e-03
2.165399999999999991e+01 6.496199999999999718e-03
2.166000000000000014e+01 6.497999999999999436e-03
2.166500000000000270e+01 6.499500000000000069e-03
2.167099999999999937e+01 6.501299999999998920e-03
2.167699999999999960e+01 6.503099999999999506e-03
2.168299999999999983e+01 6.504899999999999224e-03
2.168900000000000006e+01 6.506699999999999810e-03
2.169400000000000261e+01 6.508200000000000443e-03
2.169999999999999929e+01 6.509999999999999294e-03
2.170599999999999952e+01 6.511799999999999013e-03
2.171199999999999974e+01 6.513599999999999599e-03
2.171799999999999997e+01 6.515399999999999317e-03
2.172300000000000253e+01 6.516899999999999950e-03
2.172900000000000276e+01 6.518700000000000536e-03
2.173499999999999943e+01 6.520499999999999387e-03
2.174099999999999966e+01 6.522299999999999105e-03
2.174699999999999989e+01 6.524099999999999691e-03
2.175200000000000244e+01 6.525600000000000324e-03
2.175800000000000267e+01 6.527400000000000042e-03
2.176399999999999935e+01 6.529199999999998894e-03
2.176999999999999957e+01 6.530999999999999479e-03
2.177599999999999980e+01 6.532799999999999198e-03
2.178100000000000236e+01 6.534299999999999831e-03
2.178700000000000259e+01 6.536100000000000416e-03
2.179300000000000281e+01 6.537900000000000135e-03
2.179899999999999949e+01 8.719600000000000961e-03
2.180499999999999972e+01 8.722000000000000586e-03
2.181000000000000227e+01 8.724000000000000851e-03
2.181600000000000250e+01 8.726400000000002211e-03
2.182200000000000273e+01 8.728800000000001835e-03
2.182799999999999940e+01 8.731199999999999725e-03
2.183399999999999963e+01 8.733600000000001085e-03
2.183900000000000219e+01 1.091950000000000212e-02
2.184500000000000242e+01 1.092250000000000165e-02
2.185100000000000264e+01 1.092550000000000118e-02
2.185699999999999932e+01 1.092850000000000071e-02
2.186299999999999955e+01 1.093150000000000024e-02
2.186800000000000210e+01 1.312080000000000017e-02
2.187400000000000233e+01 1.312439999999999961e-02
2.188000000000000256e+01 1.312800000000000078e-02
2.188600000000000279e+01 1.313160000000000022e-02
2.189199999999999946e+01 1.532440000000000017e-02
2.189700000000000202e+01 1.532790000000000194e-02
2.190300000000000225e+01 1.533210000000000128e-02
2.190900000000000247e+01 1.533630000000000236e-02
2.191500000000000270e+01 1.753200000000000244e-02
2.192099999999999937e+01 1.753680000000000169e-02
2.192600000000000193e+01 1.754080000000000222e-02
2.193200000000000216e+01 1.754560000000000147e-02
2.193800000000000239e+01 1.974419999999999994e-02
2.194400000000000261e+01 1.974960000000000257e-02
2.194999999999999929e+01 1.975499999999999826e-02
2.195500000000000185e+01 2.195500000000000229e-02
2.196100000000000207e+01 2.196100000000000135e-02
2.196700000000000230e+01 2.196700000000000388e-02
2.197300000000000253e+01 2.197300000000000295e-02
2.197900000000000276e+01 2.417690000000000464e-02
2.198400000000000176e+01 2.418240000000000320e-02
2.199000000000000199e+01 2.418900000000000217e-02
2.199600000000000222e+01 2.639520000000000061e-02
2.200200000000000244e+01 2.640239999999999948e-02
2.200800000000000267e+01 2.640960000000000182e-02
2.201300000000000168e+01 2.641560000000000089e-02
2.201900000000000190e+01 2.862469999999999945e-02
2.202500000000000213e+01 2.863250000000000170e-02
2.203100000000000236e+01 2.864030000000000048e-02
2.203700000000000259e+01 2.864810000000000273e-02
2.204200000000000159e+01 2.865460000000000229e-02
2.204800000000000182e+01 3.086720000000000089e-02
2.205400000000000205e+01 3.087560000000000304e-02
2.206000000000000227e+01 3.088400000000000173e-02
2.206600000000000250e+01 3.089240000000000388e-02
2.207100000000000151e+01 3.089940000000000048e-02
2.207700000000000173e+01 3.090780000000000263e-02
2.208300000000000196e+01 3.312450000000000117e-02
2.208900000000000219e+01 3.313350000000000323e-02
2.209500000000000242e+01 3.314250000000000529e-02
2.210000000000000142e+01 3.315000000000000585e-02
2.210600000000000165e+01 3.315900000000000097e-02
2.211200000000000188e+01 3.316800000000000304e-02
2.211800000000000210e+01 3.317700000000000510e-02
2.212400000000000233e+01 3.318600000000000716e-02
2.212900000000000134e+01 3.319350000000000078e-02
2.213500000000000156e+01 3.320250000000000284e-02
2.214100000000000179e+01 3.321150000000000491e-02
2.214700000000000202e+01 3.322050000000000697e-02
2.215300000000000225e+01 3.322950000000000209e-02
2.215800000000000125e+01 3.323700000000000265e-02
2.216400000000000148e+01 3.324600000000000471e-02
2.217000000000000171e+01 3.325499999999999984e-02
2.217600000000000193e+01 3.326400000000000190e-02
2.218200000000000216e+01 3.549120000000000746e-02
2.218700000000000117e+01 3.549920000000000159e-02
2.219300000000000139e+01 3.550880000000000702e-02
2.219900000000000162e+01 3.551840000000000552e-02
2.220500000000000185e+01 3.552800000000000402e-02
2.221100000000000207e+01 3.553760000000000252e-02
2.221600000000000108e+01 3.554560000000000358e-02
2.222200000000000131e+01 3.555520000000000208e-02
2.222800000000000153e+01 3.556480000000000752e-02
2.223400000000000176e+01 3.557440000000000602e-02
2.224000000000000199e+01 3.780800000000000133e-02
2.224500000000000099e+01 3.781650000000000289e-02
2.225100000000000122e+01 3.782669999999999783e-02
2.225700000000000145e+01 3.783689999999999970e-02
2.226300000000000168e+01 3.784710000000000157e-02
2.226900000000000190e+01 4.008420000000000039e-02
2.227400000000000091e+01 4.009320000000000245e-02
2.228000000000000114e+01 4.010400000000000076e-02
2.228600000000000136e+01 4.234340000000000326e-02
2.229200000000000159e+01 4.235480000000000494e-02
2.229800000000000182e+01 4.236620000000000663e-02
2.230300000000000082e+01 4.460599999999999982e-02
2.230900000000000105e+01 4.461800000000000488e-02
2.231500000000000128e+01 4.686150000000000038e-02
2.232100000000000151e+01 4.687410000000000188e-02
2.232700000000000173e+01 4.911940000000000750e-02
2.233200000000000074e+01 5.136360000000000231e-02
2.233800000000000097e+01 5.137740000000000362e-02
2.234400000000000119e+01 5.362559999999999549e-02
2.235000000000000142e+01 5.587500000000000799e-02
2.235600000000000165e+01 5.589000000000000218e-02
2.236100000000000065e+01 5.813859999999999861e-02
2.236700000000000088e+01 6.039090000000000430e-02
2.237300000000000111e+01 6.264440000000000286e-02
2.237900000000000134e+01 6.489910000000000123e-02
2.238500000000000156e+01 6.491650000000000198e-02
2.239000000000000057e+01 6.717000000000000748e-02
2.239600000000000080e+01 6.942760000000000598e-02
2.240200000000000102e+01 7.168640000000001122e-02
2.240800000000000125e+01 7.394640000000000934e-02
2.241400000000000148e+01 7.620760000000000034e-02
2.241900000000000048e+01 8.070839999999999959e-02
2.242500000000000071e+01 8.297250000000000458e-02
2.243100000000000094e+01 8.523780000000000245e-02
2.243700000000000117e+01 8.750430000000000708e-02
2.244300000000000139e+01 8.977200000000000457e-02
2.244800000000000040e+01 9.203680000000001582e-02
2.245400000000000063e+01 9.430679999999999619e-02
2.246000000000000085e+01 9.882400000000000906e-02
2.246600000000000108e+01 1.010969999999999924e-01
2.247200000000000131e+01 1.033712000000000103e-01
2.247700000000000031e+01 1.056419000000000108e-01
2.248300000000000054e+01 1.079183999999999977e-01
2.248900000000000077e+01 1.124450000000000033e-01
2.249500000000000099e+01 1.147245000000000070e-01
2.250100000000000122e+01 1.170052000000000036e-01
2.250600000000000023e+01 1.192818000000000073e-01
2.251200000000000045e+01 1.238159999999999955e-01
2.251800000000000068e+01 1.261008000000000129e-01
2.252400000000000091e+01 1.283868000000000231e-01
2.253000000000000114e+01 1.306739999999999846e-01
2.253500000000000014e+01 1.352099999999999969e-01
2.254100000000000037e+01 1.375001000000000140e-01
2.254700000000000060e+01 1.397914000000000101e-01
2.255300000000000082e+01 1.420839000000000130e-01
2.255900000000000105e+01 1.466335000000000000e-01
2.256400000000000006e+01 1.489224000000000103e-01
2.257000000000000028e+01 1.512190000000000201e-01
2.257600000000000051e+01 1.557744000000000073e-01
2.258200000000000074e+01 1.580740000000000200e-01
2.258800000000000097e+01 1.603748000000000118e-01
2.259299999999999997e+01 1.649288999999999894e-01
2.259900000000000020e+01 1.672326000000000090e-01
2.260500000000000043e+01 1.695375000000000076e-01
2.261100000000000065e+01 1.741047000000000011e-01
2.261700000000000088e+01 1.764126000000000027e-01
2.262199999999999989e+01 1.809759999999999980e-01
2.262800000000000011e+01 1.832867999999999997e-01
2.263400000000000034e+01 1.878622000000000070e-01
2.264000000000000057e+01 1.924400000000000277e-01
2.264600000000000080e+01 1.970202000000000064e-01
2.265099999999999980e+01 1.993288000000000004e-01
2.265700000000000003e+01 2.039129999999999832e-01
2.266300000000000026e+01 2.084996000000000071e-01
2.266900000000000048e+01 2.130886000000000169e-01
2.267500000000000071e+01 2.176799999999999846e-01
2.267999999999999972e+01 2.222639999999999894e-01
2.268599999999999994e+01 2.291285999999999878e-01
2.269200000000000017e+01 2.337276000000000076e-01
2.269800000000000040e+01 2.383290000000000131e-01
2.270400000000000063e+01 2.452032000000000100e-01
2.270899999999999963e+01 2.520699000000000134e-01
2.271499999999999986e+01 2.566795000000000049e-01
2.272100000000000009e+01 2.635636000000000090e-01
2.272700000000000031e+01 2.704513000000000056e-01
2.273300000000000054e+01 2.773426000000000502e-01
2.273799999999999955e+01 2.842250000000000054e-01
2.274399999999999977e+01 2.933975999999999806e-01
2.275000000000000000e+01 3.003000000000000114e-01
2.275600000000000023e+01 3.072059999999999791e-01
2.276200000000000045e+01 3.163918000000000008e-01
2.276699999999999946e+01 3.255680999999999714e-01
2.277299999999999969e+01 3.347630999999999801e-01
2.277899999999999991e+01 3.416849999999999610e-01
2.278500000000000014e+01 3.531675000000000231e-01
2.279100000000000037e+01 3.623769000000000018e-01
2.279599999999999937e+01 3.715747999999999829e-01
2.280199999999999960e+01 3.807934000000000041e-01
2.280799999999999983e+01 3.922976000000000241e-01
2.281400000000000006e+01 4.015264000000000055e-01
2.282000000000000028e+01 4.130420000000000202e-01
2.282500000000000284e+01 4.245450000000000057e-01
2.283099999999999952e+01 4.360720999999999625e-01
2.283699999999999974e+01 4.476051999999999809e-01
2.284299999999999997e+01 4.591443000000000052e-01
2.284900000000000020e+01 4.706894000000000355e-01
2.285400000000000276e+01 4.845048000000000687e-01
2.285999999999999943e+01 4.960620000000000029e-01
2.286599999999999966e+01 5.099118000000000261e-01
2.287199999999999989e+01 5.214815999999999896e-01
2.287800000000000011e+01 5.353451999999999655e-01
2.288300000000000267e+01 5.491920000000001245e-01
2.288899999999999935e+01 5.630693999999999422e-01
2.289499999999999957e+01 5.769539999999999669e-01
2.290099999999999980e+01 5.908457999999999766e-01
2.290700000000000003e+01 6.070354999999999501e-01
2.291200000000000259e+01 6.232064000000000492e-01
2.291800000000000281e+01 6.371204000000000311e-01
2.292399999999999949e+01 6.533339999999999703e-01
2.292999999999999972e+01 6.695560000000000400e-01
2.293599999999999994e+01 6.857864000000000182e-01
2.294100000000000250e+01 7.019946000000000241e-01
2.294700000000000273e+01 7.205358000000000596e-01
2.295299999999999940e+01 7.367912999999999268e-01
2.295899999999999963e+01 7.553510999999999420e-01
2.296499999999999986e+01 7.739205000000000112e-01
2.297000000000000242e+01 7.924650000000001970e-01
2.297600000000000264e+01 8.110528000000000182e-01
2.298200000000000287e+01 8.296502000000001154e-01
2.298799999999999955e+01 8.505559999999999787e-01
2.299399999999999977e+01 8.691731999999999791e-01
2.299900000000000233e+01 8.900613000000000552e-01
2.300500000000000256e+01 9.109980000000001965e-01
2.301100000000000279e+01 9.319455000000000933e-01
2.301699999999999946e+01 9.529037999999999675e-01
2.302299999999999969e+01 9.761752000000000207e-01
2.302800000000000225e+01 9.994152000000001701e-01
2.303400000000000247e+01 1.022709600000000219e+00
2.304000000000000270e+01 1.046016000000000279e+00
2.304599999999999937e+01 1.071639000000000008e+00
2.305199999999999960e+01 1.097275200000000117e+00
2.305700000000000216e+01 1.120570199999999961e+00
2.306300000000000239e+01 1.148537400000000153e+00
2.306900000000000261e+01 1.174212100000000092e+00
2.307500000000000284e+01 1.202207500000000095e+00
2.308099999999999952e+01 1.230217300000000069e+00
2.308600000000000207e+01 1.258187000000000166e+00
2.309200000000000230e+01 1.288533600000000279e+00
2.309800000000000253e+01 1.316586000000000256e+00
2.310400000000000276e+01 1.349273600000000073e+00
2.310999999999999943e+01 1.379666999999999977e+00
2.311500000000000199e+01 1.412326500000000262e+00
2.312100000000000222e+01 1.442750399999999988e+00
2.312700000000000244e+01 1.477815300000000054e+00
2.313300000000000267e+01 1.510584900000000008e+00
2.313899999999999935e+01 1.545685199999999870e+00
2.314400000000000190e+01 1.580735200000000118e+00
2.315000000000000213e+01 1.615870000000000140e+00
2.315600000000000236e+01 1.651022800000000235e+00
2.316200000000000259e+01 1.688509800000000283e+00
2.316800000000000281e+01 1.726016000000000217e+00
2.317300000000000182e+01 1.763465300000000235e+00
2.317900000000000205e+01 1.801008300000000339e+00
2.318500000000000227e+01 1.840889000000000220e+00
2.319100000000000250e+01 1.878471000000000224e+00
2.319700000000000273e+01 1.918391900000000039e+00
2.320200000000000173e+01 1.958248800000000234e+00
2.320800000000000196e+01 1.998208800000000007e+00
2.321400000000000219e+01 2.040510600000000174e+00
2.322000000000000242e+01 2.080512000000000139e+00
2.322600000000000264e+01 2.122856400000000310e+00
2.323100000000000165e+01 2.165129200000000420e+00
2.323700000000000188e+01 2.205191300000000076e+00
2.324300000000000210e+01 2.247598100000000265e+00
2.324900000000000233e+01 2.290026500000000187e+00
2.325500000000000256e+01 2.332476500000000286e+00
2.326000000000000156e+01 2.377172000000000285e+00
2.326600000000000179e+01 2.419664000000000037e+00
2.327200000000000202e+01 2.462177600000000410e+00
2.327800000000000225e+01 2.507040600000000286e+00
2.328400000000000247e+01 2.549598000000000475e+00
2.328900000000000148e+01 2.594394600000000217e+00
2.329500000000000171e+01 2.636994000000000060e+00
2.330100000000000193e+01 2.681945100000000082e+00
2.330700000000000216e+01 2.724588300000000185e+00
2.331300000000000239e+01 2.769584400000000279e+00
2.331800000000000139e+01 2.814482600000000279e+00
2.332400000000000162e+01 2.857190000000000119e+00
2.333000000000000185e+01 2.902252000000000276e+00
2.333600000000000207e+01 2.947336799999999979e+00
2.334200000000000230e+01 2.990110200000000162e+00
2.334700000000000131e+01 3.035110000000000419e+00
2.335300000000000153e+01 3.080260699999999741e+00
2.335900000000000176e+01 3.123098300000000549e+00
2.336500000000000199e+01 3.168294000000000388e+00
2.337100000000000222e+01 3.211175400000000124e+00
2.337600000000000122e+01 3.256276800000000193e+00
2.338200000000000145e+01 3.299200200000000471e+00
2.338800000000000168e+01 3.342145200000000038e+00
2.339400000000000190e+01 3.387451200000000551e+00
2.340000000000000213e+01 3.430440000000000378e+00
2.340500000000000114e+01 3.473302000000000334e+00
2.341100000000000136e+01 3.516332200000000352e+00
2.341700000000000159e+01 3.559384000000000103e+00
2.342300000000000182e+01 3.600115100000000457e+00
2.342900000000000205e+01 3.643209500000000212e+00
2.343400000000000105e+01 3.686168200000000006e+00
2.344000000000000128e+01 3.726960000000000051e+00
2.344600000000000151e+01 3.767772200000000460e+00
2.345200000000000173e+01 3.808604799999999901e+00
2.345800000000000196e+01 3.849457800000000152e+00
2.346300000000000097e+01 3.890165400000000329e+00
2.346900000000000119e+01 3.928710600000000053e+00
2.347500000000000142e+01 3.967275000000000329e+00
2.348100000000000165e+01 4.008206699999999678e+00
2.348700000000000188e+01 4.044461400000000317e+00
2.349200000000000088e+01 4.082909600000000694e+00
2.349800000000000111e+01 4.121549200000000468e+00
2.350400000000000134e+01 4.157857600000000708e+00
2.351000000000000156e+01 4.196534999999999904e+00
2.351600000000000179e+01 4.235231600000000540e+00
2.352100000000000080e+01 4.271413600000000699e+00
2.352700000000000102e+01 4.307793700000000392e+00
2.353300000000000125e+01 4.344191799999999937e+00
2.353900000000000148e+01 4.380607900000000221e+00
2.354500000000000171e+01 4.414687500000000320e+00
2.355000000000000071e+01 4.448595000000000077e+00
2.355600000000000094e+01 4.482706799999999880e+00
2.356200000000000117e+01 4.514479200000000247e+00
2.356800000000000139e+01 4.546267199999999953e+00
2.357400000000000162e+01 4.578070800000000773e+00
2.357900000000000063e+01 4.609694500000000694e+00
2.358500000000000085e+01 4.639169500000000390e+00
2.359100000000000108e+01 4.666299799999999998e+00
2.359700000000000131e+01 4.695803000000000615e+00
2.360300000000000153e+01 4.725320599999999871e+00
2.360800000000000054e+01 4.749929599999999752e+00
2.361400000000000077e+01 4.777112200000000364e+00
2.362000000000000099e+01 4.804307999999999801e+00
2.362600000000000122e+01 4.829154400000000180e+00
2.363200000000000145e+01 4.851649600000000895e+00
2.363700000000000045e+01 4.876313099999999956e+00
2.364300000000000068e+01 4.898829600000000006e+00
2.364900000000000091e+01 4.921356900000000145e+00
2.365500000000000114e+01 4.943895000000000373e+00
2.366100000000000136e+01 4.966443900000000689e+00
2.366600000000000037e+01 4.986426200000000364e+00
2.367200000000000060e+01 5.006628000000000078e+00
2.367800000000000082e+01 5.026839400000000069e+00
2.368400000000000105e+01 5.044692000000000398e+00
2.369000000000000128e+01 5.062553000000000303e+00
2.369500000000000028e+01 5.080207999999999835e+00
2.370100000000000051e+01 5.098085100000000480e+00
2.370700000000000074e+01 5.115970599999999813e+00
2.371300000000000097e+01 5.131493200000000421e+00
2.371900000000000119e+01 5.147022999999999904e+00
2.372400000000000020e+01 5.162342399999999998e+00
2.373000000000000043e+01 5.177885999999999989e+00
2.373600000000000065e+01 5.193436799999999742e+00
2.374200000000000088e+01 5.208994800000000147e+00
2.374800000000000111e+01 5.222185200000000194e+00
2.375300000000000011e+01 5.235161200000000292e+00
2.375900000000000034e+01 5.248363100000000614e+00
2.376500000000000057e+01 5.261571000000000886e+00
2.377100000000000080e+01 5.272407799999999867e+00
2.377700000000000102e+01 5.285627100000000134e+00
2.378200000000000003e+01 5.296251400000000054e+00
2.378800000000000026e+01 5.309481600000000689e+00
2.379400000000000048e+01 5.320338399999999801e+00
2.380000000000000071e+01 5.331199999999999939e+00
2.380600000000000094e+01 5.342066400000000215e+00
2.381099999999999994e+01 5.350331699999999913e+00
2.381700000000000017e+01 5.361206700000000325e+00
2.382300000000000040e+01 5.369704200000000149e+00
2.382900000000000063e+01 5.380588200000000043e+00
2.383500000000000085e+01 5.389093500000000425e+00
2.383999999999999986e+01 5.397375999999999507e+00
2.384600000000000009e+01 5.405888200000000587e+00
2.385200000000000031e+01 5.414404000000000217e+00
2.385800000000000054e+01 5.422923400000000171e+00
2.386400000000000077e+01 5.431446400000000452e+00
2.386899999999999977e+01 5.439745099999999667e+00
2.387500000000000000e+01 5.445887499999999548e+00
2.388100000000000023e+01 5.454420400000000058e+00
2.388700000000000045e+01 5.460568199999999983e+00
2.389300000000000068e+01 5.466718400000000422e+00
2.389799999999999969e+01 5.475031800000000004e+00
2.390399999999999991e+01 5.481187199999999926e+00
2.391000000000000014e+01 5.487345000000000361e+00
2.391600000000000037e+01 5.493505199999999533e+00
2.392200000000000060e+01 5.499667800000000106e+00
2.392699999999999960e+01 5.505602699999999849e+00
2.393299999999999983e+01 5.509376599999999513e+00
2.393900000000000006e+01 5.515545600000000270e+00
2.394500000000000028e+01 5.521716999999999764e+00
2.395100000000000051e+01 5.525495699999999566e+00
2.395599999999999952e+01 5.531440400000000146e+00
2.396199999999999974e+01 5.537618199999999824e+00
2.396799999999999997e+01 5.541401599999999483e+00
2.397400000000000020e+01 5.545186199999999843e+00
2.398000000000000043e+01 5.551370000000000360e+00
2.398499999999999943e+01 5.554926000000000030e+00
2.399099999999999966e+01 5.558714699999999453e+00
2.399699999999999989e+01 5.564904300000000248e+00
2.400300000000000011e+01 5.566295699999999513e+00
2.400900000000000034e+01 5.565286200000000072e+00
2.401400000000000290e+01 5.564043800000000317e+00
2.401999999999999957e+01 5.565433999999999770e+00
2.402599999999999980e+01 5.564421600000000190e+00
2.403200000000000003e+01 5.563407999999999909e+00
2.403800000000000026e+01 5.562393199999999815e+00
2.404300000000000281e+01 5.561145900000000530e+00
2.404899999999999949e+01 5.560128799999999316e+00
2.405499999999999972e+01 5.559110500000000066e+00
2.406099999999999994e+01 5.558091000000000115e+00
2.406700000000000017e+01 5.557070299999999463e+00
2.407200000000000273e+01 5.555817600000001022e+00
2.407799999999999940e+01 5.554794599999999249e+00
2.408399999999999963e+01 5.553770400000000329e+00
2.408999999999999986e+01 5.552744999999999820e+00
2.409600000000000009e+01 5.551718399999999498e+00
2.410100000000000264e+01 5.550460300000001013e+00
2.410700000000000287e+01 5.549431400000000458e+00
2.411299999999999955e+01 5.548401300000000091e+00
2.411899999999999977e+01 5.547369999999999912e+00
2.412500000000000000e+01 5.546337499999999920e+00
2.413000000000000256e+01 5.545074000000000503e+00
2.413600000000000279e+01 5.544039200000000278e+00
2.414199999999999946e+01 5.543003200000000241e+00
2.414799999999999969e+01 5.541966000000000392e+00
2.415399999999999991e+01 5.538512200000000441e+00
2.415900000000000247e+01 5.537242800000000464e+00
2.416500000000000270e+01 5.536201500000000664e+00
2.417100000000000293e+01 5.535159000000001051e+00
2.417699999999999960e+01 5.534115299999999849e+00
2.418299999999999983e+01 5.530652099999999294e+00
2.418800000000000239e+01 5.529376800000000536e+00
2.419400000000000261e+01 5.528329000000001159e+00
2.420000000000000284e+01 5.527280000000000193e+00
2.420599999999999952e+01 5.523809199999999642e+00
2.421199999999999974e+01 5.522757200000000033e+00
2.421700000000000230e+01 5.519054300000000524e+00
2.422300000000000253e+01 5.517999400000000776e+00
2.422900000000000276e+01 5.516943300000001216e+00
2.423499999999999943e+01 5.513462500000000155e+00
2.424099999999999966e+01 5.512403399999999287e+00
2.424600000000000222e+01 5.511115800000000675e+00
2.425200000000000244e+01 5.507629200000000225e+00
2.425800000000000267e+01 5.506566000000001182e+00
2.426400000000000290e+01 5.503075200000000500e+00
2.426999999999999957e+01 5.502009000000000150e+00
2.427500000000000213e+01 5.498287500000000882e+00
2.428100000000000236e+01 5.497218400000000393e+00
2.428700000000000259e+01 5.496148100000000980e+00
2.429300000000000281e+01 5.492647300000000676e+00
2.429899999999999949e+01 5.491573999999999955e+00
2.430400000000000205e+01 5.487843200000000365e+00
2.431000000000000227e+01 5.486767000000000394e+00
2.431600000000000250e+01 5.483258000000001076e+00
2.432200000000000273e+01 5.482178800000000685e+00
2.432799999999999940e+01 5.478665600000000246e+00
2.433300000000000196e+01 5.477358300000000568e+00
2.433900000000000219e+01 5.476275000000000226e+00
2.434500000000000242e+01 5.472756000000000398e+00
2.435100000000000264e+01 5.471669700000000525e+00
2.435700000000000287e+01 5.468146500000000465e+00
2.436200000000000188e+01 5.466832799999999715e+00
2.436800000000000210e+01 5.463305600000000872e+00
2.437400000000000233e+01 5.462213400000000441e+00
2.438000000000000256e+01 5.461120000000001085e+00
2.438600000000000279e+01 5.457586800000000515e+00
2.439100000000000179e+01 5.456266700000000469e+00
2.439700000000000202e+01 5.455169200000000274e+00
2.440300000000000225e+01 5.451630200000000315e+00
2.440900000000000247e+01 5.450529700000000588e+00
2.441500000000000270e+01 5.449428000000001049e+00
2.442000000000000171e+01 5.445660000000000167e+00
2.442600000000000193e+01 5.444555400000000489e+00
2.443200000000000216e+01 5.443449600000000110e+00
2.443800000000000239e+01 5.439898799999999923e+00
2.444400000000000261e+01 5.438790000000000902e+00
2.444900000000000162e+01 5.437457600000000113e+00
2.445500000000000185e+01 5.433901000000000536e+00
2.446100000000000207e+01 5.432788100000000675e+00
2.446700000000000230e+01 5.431674000000001001e+00
2.447300000000000253e+01 5.430558700000000627e+00
2.447800000000000153e+01 5.426772600000000502e+00
2.448400000000000176e+01 5.425654399999999988e+00
2.449000000000000199e+01 5.424535000000000551e+00
2.449600000000000222e+01 5.423414400000000413e+00
2.450200000000000244e+01 5.419842400000001170e+00
2.450700000000000145e+01 5.418497700000000528e+00
2.451300000000000168e+01 5.417373000000000438e+00
2.451900000000000190e+01 5.416247100000000536e+00
2.452500000000000213e+01 5.412667500000000409e+00
2.453100000000000236e+01 5.411538600000000088e+00
2.453600000000000136e+01 5.410188000000000663e+00
2.454200000000000159e+01 5.409056800000000997e+00
2.454800000000000182e+01 5.407924400000000631e+00
2.455400000000000205e+01 5.404335399999999900e+00
2.456000000000000227e+01 5.403200000000000891e+00
2.456500000000000128e+01 5.401843500000000908e+00
2.457100000000000151e+01 5.400705799999999890e+00
2.457700000000000173e+01 5.397109200000000051e+00
2.458300000000000196e+01 5.395968500000000390e+00
2.458900000000000219e+01 5.394826600000000916e+00
2.459400000000000119e+01 5.393464200000000375e+00
2.460000000000000142e+01 5.389859999999999651e+00
2.460600000000000165e+01 5.388714000000000226e+00
2.461200000000000188e+01 5.387566800000000988e+00
2.461800000000000210e+01 5.383956600000000314e+00
2.462300000000000111e+01 5.382587799999999589e+00
2.462900000000000134e+01 5.381436500000000400e+00
2.463500000000000156e+01 5.377820500000000337e+00
2.464100000000000179e+01 5.376666200000000728e+00
2.464700000000000202e+01 5.373046000000000433e+00
2.465200000000000102e+01 5.371670800000000412e+00
2.465800000000000125e+01 5.370512399999999964e+00
2.466400000000000148e+01 5.366886400000000279e+00
2.467000000000000171e+01 5.365725000000000300e+00
2.467600000000000193e+01 5.362094800000000383e+00
2.468100000000000094e+01 5.360713200000000178e+00
2.468700000000000117e+01 5.357079000000000590e+00
2.469300000000000139e+01 5.355911700000000941e+00
2.469900000000000162e+01 5.352273300000000233e+00
2.470500000000000185e+01 5.348632500000000789e+00
2.471000000000000085e+01 5.347244000000000774e+00
2.471600000000000108e+01 5.343599199999999882e+00
2.472200000000000131e+01 5.342424199999999956e+00
2.472800000000000153e+01 5.338775200000000609e+00
2.473400000000000176e+01 5.335123800000000749e+00
2.473900000000000077e+01 5.333728400000000924e+00
2.474500000000000099e+01 5.330073000000000505e+00
2.475100000000000122e+01 5.326415200000000461e+00
2.475700000000000145e+01 5.325230700000000539e+00
2.476300000000000168e+01 5.321568700000000263e+00
2.476800000000000068e+01 5.317689600000000461e+00
2.477400000000000091e+01 5.314022999999999719e+00
2.478000000000000114e+01 5.312832000000000221e+00
2.478600000000000136e+01 5.309161200000000136e+00
2.479200000000000159e+01 5.305488000000000426e+00
2.479700000000000060e+01 5.301598600000000161e+00
2.480300000000000082e+01 5.297920800000000874e+00
2.480900000000000105e+01 5.296721500000000304e+00
2.481500000000000128e+01 5.293039499999999897e+00
2.482100000000000151e+01 5.289355100000000753e+00
2.482600000000000051e+01 5.285455400000000026e+00
2.483200000000000074e+01 5.281766400000000417e+00
2.483800000000000097e+01 5.278075000000000294e+00
2.484400000000000119e+01 5.274381199999999659e+00
2.485000000000000142e+01 5.273170000000000357e+00
2.485500000000000043e+01 5.269260000000000055e+00
2.486100000000000065e+01 5.265559800000000124e+00
2.486700000000000088e+01 5.261857200000000567e+00
2.487300000000000111e+01 5.258152200000000498e+00
2.487900000000000134e+01 5.254444799999999915e+00
2.488400000000000034e+01 5.250523999999999525e+00
2.489000000000000057e+01 5.246811999999999365e+00
2.489600000000000080e+01 5.243097600000000469e+00
2.490200000000000102e+01 5.239380800000000171e+00
2.490800000000000125e+01 5.235661600000000249e+00
2.491300000000000026e+01 5.231729999999999769e+00
2.491900000000000048e+01 5.228006199999999382e+00
2.492500000000000071e+01 5.224280000000000257e+00
2.493100000000000094e+01 5.220551400000000619e+00
2.493700000000000117e+01 5.216820400000000468e+00
2.494200000000000017e+01 5.212877999999999901e+00
2.494800000000000040e+01 5.209142400000000173e+00
2.495400000000000063e+01 5.202909000000000006e+00
2.496000000000000085e+01 5.199168000000000234e+00
2.496600000000000108e+01 5.195424600000000837e+00
2.497100000000000009e+01 5.191470899999999666e+00
2.497700000000000031e+01 5.187722899999999804e+00
2.498300000000000054e+01 5.183972499999999428e+00
2.498900000000000077e+01 5.180219700000000316e+00
2.499500000000000099e+01 5.176464500000000690e+00
2.500000000000000000e+01 5.169999999999999929e+00
2.500600000000000023e+01 5.168740200000000229e+00
2.501200000000000045e+01 5.164977999999999625e+00
2.501800000000000068e+01 5.161213400000000284e+00
2.502400000000000091e+01 5.157446400000000430e+00
2.502899999999999991e+01 5.153471099999999971e+00
2.503500000000000014e+01 5.149699499999999652e+00
2.504100000000000037e+01 5.148429600000000050e+00
2.504700000000000060e+01 5.144653800000000388e+00
2.505300000000000082e+01 5.140875600000000212e+00
2.505799999999999983e+01 5.136889999999999290e+00
2.506400000000000006e+01 5.133107200000000425e+00
2.507000000000000028e+01 5.131828999999999752e+00
2.507600000000000051e+01 5.128041999999999767e+00
2.508200000000000074e+01 5.124252600000000157e+00
2.508699999999999974e+01 5.120256699999999661e+00
2.509299999999999997e+01 5.116462699999999586e+00
2.509900000000000020e+01 5.112666299999999886e+00
2.510500000000000043e+01 5.111378000000000199e+00
2.511100000000000065e+01 5.107577400000000267e+00
2.511599999999999966e+01 5.103571199999999308e+00
2.512199999999999989e+01 5.099766000000000687e+00
2.512800000000000011e+01 5.098471199999999648e+00
2.513400000000000034e+01 5.094661799999999907e+00
2.514000000000000057e+01 5.090850000000000541e+00
2.514499999999999957e+01 5.086833500000000008e+00
2.515099999999999980e+01 5.085532199999999392e+00
2.515700000000000003e+01 5.081714000000000730e+00
2.516300000000000026e+01 5.077893400000000668e+00
2.516900000000000048e+01 5.074070400000000092e+00
2.517399999999999949e+01 5.072561000000000320e+00
2.517999999999999972e+01 5.068734000000000073e+00
2.518599999999999994e+01 5.064904600000000201e+00
2.519200000000000017e+01 5.063592000000000759e+00
2.519800000000000040e+01 5.059758400000000655e+00
2.520300000000000296e+01 5.055721800000000599e+00
2.520899999999999963e+01 5.054404500000000411e+00
2.521499999999999986e+01 5.050564500000000123e+00
2.522100000000000009e+01 5.046722100000000211e+00
2.522700000000000031e+01 5.045400000000000773e+00
2.523200000000000287e+01 5.041353600000000768e+00
2.523799999999999955e+01 5.037504799999999783e+00
2.524399999999999977e+01 5.036178000000000488e+00
2.525000000000000000e+01 5.032325000000000159e+00
2.525600000000000023e+01 5.028469600000000206e+00
2.526100000000000279e+01 5.026939000000000490e+00
2.526699999999999946e+01 5.023079599999999978e+00
2.527299999999999969e+01 5.019217799999999841e+00
2.527899999999999991e+01 5.017881500000000550e+00
2.528500000000000014e+01 5.014015500000000181e+00
2.529000000000000270e+01 5.009949000000000652e+00
2.529600000000000293e+01 5.006078400000000705e+00
2.530199999999999960e+01 5.004735600000000062e+00
2.530799999999999983e+01 5.000860799999999884e+00
2.531400000000000006e+01 4.996983600000000081e+00
2.531900000000000261e+01 4.995438700000000232e+00
2.532500000000000284e+01 4.991557500000000758e+00
2.533099999999999952e+01 4.987673899999999882e+00
2.533699999999999974e+01 4.983787900000000270e+00
2.534299999999999997e+01 4.979899500000000145e+00
2.534800000000000253e+01 4.978347199999999972e+00
2.535400000000000276e+01 4.974454800000001065e+00
2.536000000000000298e+01 4.970560000000000755e+00
2.536599999999999966e+01 4.966662799999999933e+00
2.537199999999999989e+01 4.965300400000000280e+00
2.537700000000000244e+01 4.961203500000000766e+00
2.538300000000000267e+01 4.957299900000000648e+00
2.538900000000000290e+01 4.953393900000000016e+00
2.539499999999999957e+01 4.952024999999999899e+00
2.540099999999999980e+01 4.948114799999999924e+00
2.540600000000000236e+01 4.944007599999999947e+00
2.541200000000000259e+01 4.940092800000000395e+00
2.541800000000000281e+01 4.936175600000001218e+00
2.542399999999999949e+01 4.934798400000000029e+00
2.542999999999999972e+01 4.930876999999999732e+00
2.543500000000000227e+01 4.926759500000001069e+00
2.544100000000000250e+01 4.922833500000000306e+00
2.544700000000000273e+01 4.921449800000000430e+00
2.545300000000000296e+01 4.917519600000001212e+00
2.545899999999999963e+01 4.913586999999999705e+00
2.546400000000000219e+01 4.909459200000000578e+00
2.547000000000000242e+01 4.908069000000001125e+00
2.547600000000000264e+01 4.904130000000000322e+00
2.548200000000000287e+01 4.900188600000000783e+00
2.548799999999999955e+01 4.898793600000000303e+00
2.549300000000000210e+01 4.894656000000000340e+00
2.549900000000000233e+01 4.890708200000000616e+00
2.550500000000000256e+01 4.886758000000000379e+00
2.551100000000000279e+01 4.880254300000000711e+00
2.551699999999999946e+01 4.873746999999999829e+00
2.552200000000000202e+01 4.869597600000000526e+00
2.552800000000000225e+01 4.863084000000000628e+00
2.553400000000000247e+01 4.856566800000000406e+00
2.554000000000000270e+01 4.852600000000000691e+00
2.554600000000000293e+01 4.846076200000000611e+00
2.555100000000000193e+01 4.839359400000001088e+00
2.555700000000000216e+01 4.835384400000000582e+00
2.556300000000000239e+01 4.828850700000001162e+00
2.556900000000000261e+01 4.822313400000000527e+00
2.557500000000000284e+01 4.818330000000000446e+00
2.558000000000000185e+01 4.811598000000000042e+00
2.558600000000000207e+01 4.805050800000000066e+00
2.559200000000000230e+01 4.801059200000000082e+00
2.559800000000000253e+01 4.794505400000000250e+00
2.560400000000000276e+01 4.787948000000000093e+00
2.560900000000000176e+01 4.783761199999999825e+00
2.561500000000000199e+01 4.777197500000000652e+00
2.562100000000000222e+01 4.770630200000000265e+00
2.562700000000000244e+01 4.766622000000000803e+00
2.563300000000000267e+01 4.760048100000000559e+00
2.563800000000000168e+01 4.753285200000000543e+00
2.564400000000000190e+01 4.749268800000000290e+00
2.565000000000000213e+01 4.742685000000000706e+00
2.565600000000000236e+01 4.736097599999999908e+00
2.566200000000000259e+01 4.732072800000000967e+00
2.566700000000000159e+01 4.725294700000000958e+00
2.567300000000000182e+01 4.718697399999999931e+00
2.567900000000000205e+01 4.714664400000001088e+00
2.568500000000000227e+01 4.708060500000000204e+00
2.569100000000000250e+01 4.701453000000000770e+00
2.569600000000000151e+01 4.697228800000000426e+00
2.570200000000000173e+01 4.690615000000000201e+00
2.570800000000000196e+01 4.683997600000000539e+00
2.571400000000000219e+01 4.677376600000000550e+00
2.572000000000000242e+01 4.673324000000000034e+00
2.572500000000000142e+01 4.666515000000000413e+00
2.573100000000000165e+01 4.659884100000000196e+00
2.573700000000000188e+01 4.655823300000000664e+00
2.574300000000000210e+01 4.649185800000000590e+00
2.574900000000000233e+01 4.642544700000000191e+00
2.575400000000000134e+01 4.635720000000000063e+00
2.576000000000000156e+01 4.631648000000000209e+00
2.576600000000000179e+01 4.624997000000000469e+00
2.577200000000000202e+01 4.618342400000000403e+00
2.577800000000000225e+01 4.611684200000000899e+00
2.578300000000000125e+01 4.604843800000000265e+00
2.578900000000000148e+01 4.600757600000000558e+00
2.579500000000000171e+01 4.594089500000000825e+00
2.580100000000000193e+01 4.587417800000000767e+00
2.580700000000000216e+01 4.580742500000000383e+00
2.581200000000000117e+01 4.573886400000000130e+00
2.581800000000000139e+01 4.567204199999999936e+00
2.582400000000000162e+01 4.563100799999999957e+00
2.583000000000000185e+01 4.556412000000000795e+00
2.583600000000000207e+01 4.549719600000000419e+00
2.584100000000000108e+01 4.542847800000000547e+00
2.584700000000000131e+01 4.536148500000000361e+00
2.585300000000000153e+01 4.529445599999999850e+00
2.585900000000000176e+01 4.522739099999999901e+00
2.586500000000000199e+01 4.516029000000000515e+00
2.587000000000000099e+01 4.509141000000000510e+00
2.587600000000000122e+01 4.502423999999999538e+00
2.588200000000000145e+01 4.495703400000000016e+00
2.588800000000000168e+01 4.488979200000000169e+00
2.589400000000000190e+01 4.482251399999999997e+00
2.589900000000000091e+01 4.475347200000000747e+00
2.590500000000000114e+01 4.468612499999999876e+00
2.591100000000000136e+01 4.461874200000000457e+00
2.591700000000000159e+01 4.455132299999999823e+00
2.592300000000000182e+01 4.448386800000000640e+00
2.592800000000000082e+01 4.441466400000000370e+00
2.593400000000000105e+01 4.432120600000000188e+00
2.594000000000000128e+01 4.425364000000000075e+00
2.594600000000000151e+01 4.418603800000000525e+00
2.595200000000000173e+01 4.411840000000000650e+00
2.595700000000000074e+01 4.402307200000000087e+00
2.596300000000000097e+01 4.395535900000000495e+00
2.596900000000000119e+01 4.388761000000000578e+00
2.597500000000000142e+01 4.379385000000000083e+00
2.598100000000000165e+01 4.372602300000000497e+00
2.598600000000000065e+01 4.365648000000000195e+00
2.599200000000000088e+01 4.356259200000000220e+00
2.599800000000000111e+01 4.349465400000000592e+00
2.600400000000000134e+01 4.337467200000000744e+00
2.601000000000000156e+01 4.328064000000000355e+00
2.601500000000000057e+01 4.315888499999999794e+00
2.602100000000000080e+01 4.306475500000000345e+00
2.602700000000000102e+01 4.294455000000000133e+00
2.603300000000000125e+01 4.282428499999999971e+00
2.603900000000000148e+01 4.272999900000000295e+00
2.604400000000000048e+01 4.260798399999999653e+00
2.605000000000000071e+01 4.248755000000000059e+00
2.605600000000000094e+01 4.239311200000000390e+00
2.606200000000000117e+01 4.227256400000000802e+00
2.606800000000000139e+01 4.215195600000000375e+00
2.607300000000000040e+01 4.202967600000000026e+00
2.607900000000000063e+01 4.190895300000000212e+00
2.608500000000000085e+01 4.178817000000000448e+00
2.609100000000000108e+01 4.169341799999999765e+00
2.609700000000000131e+01 4.157252100000000006e+00
2.610200000000000031e+01 4.144997599999999949e+00
2.610800000000000054e+01 4.132896399999999915e+00
2.611400000000000077e+01 4.120789199999999930e+00
2.612000000000000099e+01 4.108675999999999995e+00
2.612600000000000122e+01 4.096556800000000109e+00
2.613100000000000023e+01 4.084275299999999831e+00
2.613700000000000045e+01 4.072144599999999670e+00
2.614300000000000068e+01 4.060007899999999559e+00
2.614900000000000091e+01 4.047865200000000385e+00
2.615500000000000114e+01 4.035716500000000373e+00
2.616000000000000014e+01 4.023407999999999873e+00
2.616600000000000037e+01 4.011247799999999586e+00
2.617200000000000060e+01 3.999081599999999792e+00
2.617800000000000082e+01 3.986909400000000048e+00
2.618400000000000105e+01 3.974731199999999909e+00
2.618900000000000006e+01 3.962395699999999632e+00
2.619500000000000028e+01 3.950205999999999662e+00
2.620100000000000051e+01 3.938010299999999742e+00
2.620700000000000074e+01 3.925808599999999871e+00
2.621300000000000097e+01 3.913600900000000049e+00
2.621799999999999997e+01 3.901238399999999551e+00
2.622400000000000020e+01 3.889019199999999898e+00
2.623000000000000043e+01 3.876793999999999851e+00
2.623600000000000065e+01 3.864562799999999854e+00
2.624200000000000088e+01 3.852325600000000350e+00
2.624699999999999989e+01 3.839936100000000518e+00
2.625300000000000011e+01 3.827687400000000295e+00
2.625900000000000034e+01 3.815432700000000565e+00
2.626500000000000057e+01 3.803172000000000441e+00
2.627100000000000080e+01 3.793532400000000138e+00
2.627599999999999980e+01 3.781116400000000155e+00
2.628200000000000003e+01 3.768838800000000155e+00
2.628800000000000026e+01 3.756555200000000205e+00
2.629400000000000048e+01 3.746894999999999865e+00
2.630000000000000071e+01 3.734599999999999920e+00
2.630499999999999972e+01 3.722157499999999786e+00
2.631099999999999994e+01 3.709850999999999566e+00
2.631700000000000017e+01 3.700170200000000076e+00
2.632300000000000040e+01 3.687852300000000305e+00
2.632900000000000063e+01 3.678161299999999745e+00
2.633399999999999963e+01 3.665692799999999529e+00
2.633999999999999986e+01 3.655992000000000353e+00
2.634600000000000009e+01 3.643651800000000218e+00
2.635200000000000031e+01 3.633940799999999971e+00
2.635800000000000054e+01 3.621589199999999842e+00
2.636299999999999955e+01 3.611731000000000247e+00
2.636899999999999977e+01 3.599368500000000193e+00
2.637500000000000000e+01 3.589637499999999815e+00
2.638100000000000023e+01 3.579901699999999742e+00
2.638700000000000045e+01 3.567522399999999649e+00
2.639200000000000301e+01 3.557641600000000626e+00
2.639799999999999969e+01 3.547891199999999579e+00
2.640399999999999991e+01 3.538136000000000170e+00
2.641000000000000014e+01 3.528375999999999735e+00
2.641600000000000037e+01 3.515969600000000028e+00
2.642100000000000293e+01 3.506066700000000758e+00
2.642699999999999960e+01 3.496292099999999792e+00
2.643299999999999983e+01 3.486512699999999576e+00
2.643900000000000006e+01 3.476728500000000111e+00
2.644500000000000028e+01 3.466939500000000063e+00
2.645000000000000284e+01 3.457015000000000615e+00
2.645599999999999952e+01 3.447216800000000081e+00
2.646199999999999974e+01 3.437413799999999853e+00
2.646799999999999997e+01 3.427605999999999931e+00
2.647400000000000020e+01 3.417793399999999870e+00
2.647900000000000276e+01 3.407847300000000690e+00
2.648500000000000298e+01 3.398025500000000143e+00
2.649099999999999966e+01 3.388198900000000346e+00
2.649699999999999989e+01 3.378367499999999968e+00
2.650300000000000011e+01 3.371181600000000333e+00
2.650800000000000267e+01 3.363865200000000666e+00
2.651400000000000290e+01 3.359323800000000748e+00
2.651999999999999957e+01 3.352128000000000441e+00
2.652599999999999980e+01 3.344928599999999808e+00
2.653200000000000003e+01 3.337725599999999737e+00
2.653700000000000259e+01 3.330393500000000451e+00
2.654300000000000281e+01 3.325837900000000236e+00
2.654900000000000304e+01 3.318625000000000380e+00
2.655499999999999972e+01 3.311408500000000199e+00
2.656099999999999994e+01 3.306844499999999965e+00
2.656600000000000250e+01 3.299497200000000241e+00
2.657200000000000273e+01 3.292270800000000275e+00
2.657800000000000296e+01 3.285040800000000427e+00
2.658399999999999963e+01 3.280465599999999871e+00
2.658999999999999986e+01 3.273229000000000166e+00
2.659500000000000242e+01 3.265866000000000380e+00
2.660100000000000264e+01 3.258622500000000421e+00
2.660700000000000287e+01 3.254036100000000431e+00
2.661299999999999955e+01 3.246785999999999728e+00
2.661899999999999977e+01 3.239532300000000031e+00
2.662400000000000233e+01 3.234816000000000358e+00
2.663000000000000256e+01 3.227556000000000314e+00
2.663600000000000279e+01 3.220292399999999944e+00
2.664200000000000301e+01 3.213025200000000137e+00
2.664799999999999969e+01 3.205754400000000004e+00
2.665300000000000225e+01 3.198360000000000092e+00
2.665900000000000247e+01 3.193748200000000370e+00
2.666500000000000270e+01 3.186467500000000008e+00
2.667100000000000293e+01 3.179183200000000209e+00
2.667699999999999960e+01 3.171895300000000084e+00
2.668200000000000216e+01 3.164485200000000109e+00
2.668800000000000239e+01 3.157190400000000174e+00
2.669400000000000261e+01 3.149892000000000358e+00
2.670000000000000284e+01 3.142590000000000217e+00
2.670599999999999952e+01 3.135284400000000193e+00
2.671100000000000207e+01 3.127858100000000086e+00
2.671700000000000230e+01 3.120545600000000253e+00
2.672300000000000253e+01 3.113229500000000538e+00
2.672900000000000276e+01 3.105909800000000054e+00
2.673500000000000298e+01 3.098586500000000576e+00
2.674000000000000199e+01 3.088470000000000493e+00
2.674600000000000222e+01 3.081139199999999967e+00
2.675200000000000244e+01 3.073804800000000448e+00
2.675800000000000267e+01 3.066466800000000159e+00
2.676400000000000290e+01 3.059125200000000433e+00
2.676900000000000190e+01 3.048989100000000452e+00
2.677500000000000213e+01 3.041640000000000565e+00
2.678100000000000236e+01 3.034287300000000354e+00
2.678700000000000259e+01 3.024252300000000115e+00
2.679300000000000281e+01 3.016891800000000678e+00
2.679800000000000182e+01 3.006735599999999842e+00
2.680400000000000205e+01 2.999367600000000245e+00
2.681000000000000227e+01 2.991996000000000322e+00
2.681600000000000250e+01 2.981939200000000234e+00
2.682200000000000273e+01 2.974559800000000198e+00
2.682700000000000173e+01 2.964383500000000282e+00
2.683300000000000196e+01 2.956996600000000530e+00
2.683900000000000219e+01 2.946922199999999936e+00
2.684500000000000242e+01 2.939527500000000071e+00
2.685100000000000264e+01 2.932129200000000324e+00
2.685600000000000165e+01 2.921932799999999997e+00
2.686200000000000188e+01 2.914527000000000090e+00
2.686800000000000210e+01 2.904430800000000090e+00
2.687400000000000233e+01 2.897017200000000514e+00
2.688000000000000256e+01 2.886912000000000145e+00
2.688500000000000156e+01 2.879383500000000318e+00
2.689100000000000179e+01 2.871958800000000256e+00
2.689700000000000202e+01 2.861840799999999962e+00
2.690300000000000225e+01 2.854408300000000231e+00
2.690900000000000247e+01 2.844281300000000456e+00
2.691400000000000148e+01 2.836735599999999913e+00
2.692000000000000171e+01 2.829292000000000140e+00
2.692600000000000193e+01 2.821844800000000486e+00
2.693200000000000216e+01 2.814394000000000062e+00
2.693800000000000239e+01 2.804245800000000344e+00
2.694300000000000139e+01 2.796683400000000042e+00
2.694900000000000162e+01 2.789221500000000020e+00
2.695500000000000185e+01 2.781756000000000117e+00
2.696100000000000207e+01 2.774286900000000333e+00
2.696700000000000230e+01 2.766814200000000223e+00
2.697200000000000131e+01 2.759235600000000233e+00
2.697800000000000153e+01 2.751755999999999869e+00
2.698400000000000176e+01 2.744272800000000068e+00
2.699000000000000199e+01 2.736786000000000385e+00
2.699600000000000222e+01 2.729295599999999933e+00
2.700100000000000122e+01 2.724400900000000014e+00
2.700700000000000145e+01 2.719604900000000214e+00
2.701300000000000168e+01 2.714806500000000344e+00
2.701900000000000190e+01 2.707303800000000038e+00
2.702500000000000213e+01 2.702500000000000568e+00
2.703000000000000114e+01 2.697594000000000047e+00
2.703600000000000136e+01 2.692785600000000112e+00
2.704200000000000159e+01 2.687974800000000108e+00
2.704800000000000182e+01 2.683161600000000035e+00
2.705400000000000205e+01 2.678346000000000338e+00
2.705900000000000105e+01 2.673429200000000172e+00
2.706500000000000128e+01 2.671315499999999954e+00
2.707100000000000151e+01 2.666493500000000072e+00
2.707700000000000173e+01 2.661669100000000121e+00
2.708300000000000196e+01 2.656842300000000545e+00
2.708800000000000097e+01 2.651915199999999917e+00
2.709400000000000119e+01 2.649793199999999960e+00
2.710000000000000142e+01 2.644960000000000200e+00
2.710600000000000165e+01 2.640124400000000371e+00
2.711200000000000188e+01 2.635286400000000029e+00
2.711700000000000088e+01 2.633060700000000143e+00
2.712300000000000111e+01 2.628218700000000130e+00
2.712900000000000134e+01 2.623374300000000048e+00
2.713500000000000156e+01 2.621241000000000376e+00
2.714100000000000179e+01 2.616392400000000062e+00
2.714600000000000080e+01 2.611445199999999911e+00
2.715200000000000102e+01 2.609307200000000382e+00
2.715800000000000125e+01 2.604452199999999884e+00
2.716400000000000148e+01 2.602311199999999936e+00
2.717000000000000171e+01 2.597452000000000094e+00
2.717500000000000071e+01 2.592494999999999994e+00
2.718100000000000094e+01 2.590349300000000188e+00
2.718700000000000117e+01 2.585483700000000162e+00
2.719300000000000139e+01 2.583335000000000381e+00
2.719900000000000162e+01 2.578465200000000124e+00
2.720400000000000063e+01 2.573498400000000075e+00
2.721000000000000085e+01 2.571344999999999992e+00
2.721600000000000108e+01 2.566468799999999995e+00
2.722200000000000131e+01 2.564312400000000380e+00
2.722800000000000153e+01 2.559432000000000151e+00
2.723300000000000054e+01 2.554455399999999710e+00
2.723900000000000077e+01 2.552294300000000238e+00
2.724500000000000099e+01 2.547407500000000269e+00
2.725100000000000122e+01 2.545243399999999934e+00
2.725700000000000145e+01 2.540352400000000177e+00
2.726200000000000045e+01 2.535366000000000231e+00
2.726800000000000068e+01 2.533197200000000038e+00
2.727400000000000091e+01 2.528299800000000097e+00
2.728000000000000114e+01 2.526128000000000373e+00
2.728600000000000136e+01 2.521226400000000201e+00
2.729100000000000037e+01 2.516230200000000305e+00
2.729700000000000060e+01 2.514053700000000280e+00
2.730300000000000082e+01 2.509145699999999923e+00
2.730900000000000105e+01 2.504235300000000386e+00
2.731500000000000128e+01 2.502054000000000222e+00
2.732000000000000028e+01 2.497047999999999934e+00
2.732600000000000051e+01 2.494863800000000076e+00
2.733200000000000074e+01 2.489945200000000192e+00
2.733800000000000097e+01 2.485024199999999794e+00
2.734400000000000119e+01 2.482835200000000242e+00
2.734900000000000020e+01 2.477819400000000005e+00
2.735500000000000043e+01 2.472891999999999868e+00
2.736100000000000065e+01 2.470698300000000014e+00
2.736700000000000088e+01 2.465766700000000089e+00
2.737300000000000111e+01 2.460832700000000095e+00
2.737800000000000011e+01 2.455806600000000284e+00
2.738400000000000034e+01 2.453606399999999965e+00
2.739000000000000057e+01 2.448665999999999787e+00
2.739600000000000080e+01 2.443723199999999984e+00
2.740200000000000102e+01 2.441518199999999972e+00
2.740700000000000003e+01 2.436482300000000212e+00
2.741300000000000026e+01 2.431533100000000225e+00
2.741900000000000048e+01 2.426581499999999725e+00
2.742500000000000071e+01 2.421627500000000044e+00
2.743100000000000094e+01 2.419414200000000292e+00
2.743599999999999994e+01 2.414368000000000070e+00
2.744200000000000017e+01 2.409407600000000205e+00
2.744800000000000040e+01 2.404444799999999827e+00
2.745400000000000063e+01 2.402225000000000055e+00
2.746000000000000085e+01 2.397258000000000333e+00
2.746499999999999986e+01 2.392201500000000092e+00
2.747100000000000009e+01 2.387229900000000349e+00
2.747700000000000031e+01 2.382255900000000093e+00
2.748300000000000054e+01 2.377279499999999768e+00
2.748900000000000077e+01 2.375049600000000094e+00
2.749399999999999977e+01 2.369982799999999834e+00
2.750000000000000000e+01 2.364999999999999769e+00
2.750600000000000023e+01 2.354513599999999762e+00
2.751200000000000045e+01 2.346773600000000126e+00
2.751800000000000068e+01 2.339030000000000165e+00
2.752299999999999969e+01 2.328445799999999899e+00
2.752899999999999991e+01 2.320694699999999777e+00
2.753500000000000014e+01 2.310186499999999921e+00
2.754100000000000037e+01 2.302427599999999686e+00
2.754700000000000060e+01 2.294665100000000013e+00
2.755199999999999960e+01 2.284060800000000224e+00
2.755799999999999983e+01 2.276290800000000392e+00
2.756400000000000006e+01 2.265760799999999797e+00
2.757000000000000028e+01 2.257982999999999851e+00
2.757600000000000051e+01 2.250201600000000024e+00
2.758100000000000307e+01 2.239577200000000268e+00
2.758699999999999974e+01 2.231788299999999836e+00
2.759299999999999997e+01 2.221236499999999836e+00
2.759900000000000020e+01 2.213439799999999735e+00
2.760500000000000043e+01 2.205639500000000197e+00
2.761000000000000298e+01 2.194995000000000474e+00
2.761599999999999966e+01 2.187187200000000331e+00
2.762199999999999989e+01 2.179375799999999863e+00
2.762800000000000011e+01 2.168798000000000226e+00
2.763400000000000034e+01 2.160978800000000088e+00
2.763900000000000290e+01 2.150314199999999953e+00
2.764499999999999957e+01 2.142487500000000100e+00
2.765099999999999980e+01 2.134657199999999921e+00
2.765700000000000003e+01 2.124057599999999990e+00
2.766300000000000026e+01 2.116219500000000142e+00
2.766800000000000281e+01 2.108301600000000331e+00
2.767400000000000304e+01 2.097689200000000476e+00
2.767999999999999972e+01 2.089839999999999698e+00
2.768599999999999994e+01 2.081987199999999927e+00
2.769200000000000017e+01 2.071361600000000358e+00
2.769700000000000273e+01 2.063426500000000274e+00
2.770300000000000296e+01 2.055562600000000462e+00
2.770899999999999963e+01 2.047695099999999879e+00
2.771499999999999986e+01 2.037052499999999711e+00
2.772100000000000009e+01 2.029177199999999903e+00
2.772600000000000264e+01 2.021225400000000505e+00
2.773200000000000287e+01 2.010569999999999968e+00
2.773800000000000310e+01 2.002683600000000119e+00
2.774399999999999977e+01 1.994793600000000167e+00
2.775000000000000000e+01 1.986899999999999888e+00
2.775500000000000256e+01 1.976156000000000246e+00
2.776100000000000279e+01 1.968254900000000251e+00
2.776700000000000301e+01 1.960350200000000154e+00
2.777299999999999969e+01 1.949664599999999970e+00
2.777899999999999991e+01 1.941752100000000203e+00
2.778400000000000247e+01 1.933766400000000107e+00
2.779000000000000270e+01 1.925847000000000309e+00
2.779600000000000293e+01 1.915144400000000191e+00
2.780199999999999960e+01 1.907217199999999835e+00
2.780799999999999983e+01 1.899286400000000041e+00
2.781300000000000239e+01 1.891284000000000187e+00
2.781900000000000261e+01 1.880564399999999914e+00
2.782500000000000284e+01 1.872622500000000079e+00
2.783100000000000307e+01 1.864677000000000362e+00
2.783699999999999974e+01 1.856727899999999876e+00
2.784200000000000230e+01 1.845924600000000027e+00
2.784800000000000253e+01 1.837968000000000268e+00
2.785400000000000276e+01 1.830007799999999962e+00
2.786000000000000298e+01 1.822044000000000219e+00
2.786599999999999966e+01 1.811290000000000067e+00
2.787100000000000222e+01 1.803253699999999959e+00
2.787700000000000244e+01 1.795278800000000174e+00
2.788300000000000267e+01 1.784512000000000098e+00
2.788900000000000290e+01 1.776529300000000422e+00
2.789499999999999957e+01 1.768542999999999976e+00
2.790000000000000213e+01 1.760490000000000332e+00
2.790600000000000236e+01 1.749706200000000322e+00
2.791200000000000259e+01 1.741708800000000057e+00
2.791800000000000281e+01 1.733707800000000132e+00
2.792400000000000304e+01 1.722910800000000187e+00
2.792900000000000205e+01 1.714840600000000270e+00
2.793500000000000227e+01 1.706828500000000082e+00
2.794100000000000250e+01 1.696018699999999990e+00
2.794700000000000273e+01 1.687998800000000132e+00
2.795300000000000296e+01 1.679975300000000171e+00
2.795800000000000196e+01 1.671888400000000052e+00
2.796400000000000219e+01 1.661061600000000249e+00
2.797000000000000242e+01 1.653027000000000246e+00
2.797600000000000264e+01 1.644988800000000140e+00
2.798200000000000287e+01 1.634148800000000179e+00
2.798700000000000188e+01 1.626044700000000010e+00
2.799300000000000210e+01 1.617995400000000084e+00
2.799900000000000233e+01 1.607142600000000199e+00
2.800500000000000256e+01 1.601886000000000143e+00
2.801100000000000279e+01 1.593825900000000129e+00
2.801600000000000179e+01 1.588507200000000008e+00
2.802200000000000202e+01 1.583243000000000178e+00
2.802800000000000225e+01 1.575173600000000063e+00
2.803400000000000247e+01 1.569904000000000188e+00
2.804000000000000270e+01 1.561828000000000216e+00
2.804500000000000171e+01 1.556497500000000089e+00
2.805100000000000193e+01 1.551220300000000218e+00
2.805700000000000216e+01 1.543135000000000145e+00
2.806300000000000239e+01 1.537852400000000230e+00
2.806900000000000261e+01 1.529760500000000079e+00
2.807400000000000162e+01 1.524418200000000168e+00
2.808000000000000185e+01 1.519128000000000256e+00
2.808600000000000207e+01 1.511026800000000225e+00
2.809200000000000230e+01 1.505731200000000269e+00
2.809800000000000253e+01 1.497623400000000160e+00
2.810300000000000153e+01 1.492269300000000021e+00
2.810900000000000176e+01 1.486966100000000068e+00
2.811500000000000199e+01 1.478849000000000080e+00
2.812100000000000222e+01 1.473540400000000083e+00
2.812700000000000244e+01 1.465416700000000239e+00
2.813200000000000145e+01 1.460050800000000093e+00
2.813800000000000168e+01 1.454734600000000100e+00
2.814400000000000190e+01 1.446601600000000154e+00
2.815000000000000213e+01 1.441280000000000117e+00
2.815600000000000236e+01 1.433140400000000092e+00
2.816100000000000136e+01 1.427762700000000162e+00
2.816700000000000159e+01 1.422433500000000128e+00
2.817300000000000182e+01 1.414284600000000225e+00
2.817900000000000205e+01 1.408950000000000147e+00
2.818500000000000227e+01 1.400794500000000165e+00
2.819000000000000128e+01 1.395405000000000229e+00
2.819600000000000151e+01 1.390062799999999932e+00
2.820200000000000173e+01 1.381898000000000071e+00
2.820800000000000196e+01 1.376550400000000174e+00
2.821400000000000219e+01 1.368379000000000234e+00
2.821900000000000119e+01 1.362977700000000070e+00
2.822500000000000142e+01 1.354800000000000004e+00
2.823100000000000165e+01 1.349441800000000136e+00
2.823700000000000188e+01 1.344081200000000198e+00
2.824300000000000210e+01 1.335893900000000079e+00
2.824800000000000111e+01 1.330480800000000130e+00
2.825400000000000134e+01 1.322287200000000107e+00
2.826000000000000156e+01 1.316916000000000198e+00
2.826600000000000179e+01 1.308715800000000096e+00
2.827200000000000202e+01 1.303339200000000142e+00
2.827700000000000102e+01 1.297914300000000187e+00
2.828300000000000125e+01 1.289704800000000207e+00
2.828900000000000148e+01 1.284320600000000256e+00
2.829500000000000171e+01 1.276104500000000197e+00
2.830100000000000193e+01 1.270714900000000203e+00
2.830600000000000094e+01 1.262447600000000003e+00
2.831200000000000117e+01 1.257052800000000081e+00
2.831800000000000139e+01 1.251655600000000090e+00
2.832400000000000162e+01 1.243423600000000073e+00
2.833000000000000185e+01 1.238021000000000260e+00
2.833500000000000085e+01 1.229739000000000138e+00
2.834100000000000108e+01 1.224331200000000175e+00
2.834700000000000131e+01 1.216086300000000175e+00
2.835300000000000153e+01 1.210673100000000169e+00
2.835900000000000176e+01 1.202421600000000090e+00
2.836400000000000077e+01 1.196960800000000047e+00
2.837000000000000099e+01 1.188703000000000065e+00
2.837600000000000122e+01 1.183279200000000086e+00
2.838200000000000145e+01 1.175014800000000026e+00
2.838800000000000168e+01 1.169585600000000003e+00
2.839300000000000068e+01 1.161273699999999964e+00
2.839900000000000091e+01 1.155839300000000014e+00
2.840500000000000114e+01 1.147561999999999971e+00
2.841100000000000136e+01 1.142122199999999976e+00
2.841700000000000159e+01 1.133838300000000077e+00
2.842200000000000060e+01 1.128353399999999951e+00
2.842800000000000082e+01 1.120063199999999926e+00
2.843400000000000105e+01 1.114612799999999959e+00
2.844000000000000128e+01 1.106316000000000077e+00
2.844600000000000151e+01 1.100860200000000066e+00
2.845100000000000051e+01 1.092518399999999890e+00
2.845700000000000074e+01 1.087057399999999951e+00
2.846300000000000097e+01 1.078747700000000087e+00
2.846900000000000119e+01 1.073281299999999883e+00
2.847500000000000142e+01 1.064965000000000162e+00
2.848000000000000043e+01 1.059455999999999953e+00
2.848600000000000065e+01 1.051133400000000107e+00
2.849200000000000088e+01 1.045656400000000152e+00
2.849800000000000111e+01 1.037327200000000005e+00
2.850400000000000134e+01 1.034695200000000037e+00
2.850900000000000034e+01 1.032025799999999993e+00
2.851500000000000057e+01 1.032243000000000022e+00
2.852100000000000080e+01 1.029608100000000137e+00
2.852700000000000102e+01 1.029824700000000037e+00
2.853300000000000125e+01 1.027187999999999990e+00
2.853800000000000026e+01 1.024514200000000042e+00
2.854400000000000048e+01 1.024729600000000129e+00
2.855000000000000071e+01 1.022089999999999943e+00
2.855600000000000094e+01 1.022304799999999902e+00
2.856200000000000117e+01 1.019663400000000220e+00
2.856700000000000017e+01 1.019841900000000079e+00
2.857300000000000040e+01 1.017198800000000070e+00
2.857900000000000063e+01 1.014554500000000026e+00
2.858500000000000085e+01 1.014767500000000044e+00
2.859100000000000108e+01 1.012121400000000060e+00
2.859600000000000009e+01 1.012298399999999932e+00
2.860200000000000031e+01 1.009650600000000065e+00
2.860800000000000054e+01 1.007001600000000163e+00
2.861400000000000077e+01 1.007212800000000019e+00
2.862000000000000099e+01 1.004561999999999955e+00
2.862500000000000000e+01 1.004737500000000061e+00
2.863100000000000023e+01 1.002085000000000115e+00
2.863700000000000045e+01 9.994313000000000224e-01
2.864300000000000068e+01 9.996407000000000487e-01
2.864900000000000091e+01 9.969852000000000158e-01
2.865399999999999991e+01 9.971591999999999123e-01
2.866000000000000014e+01 9.945020000000001081e-01
2.866600000000000037e+01 9.947102000000000999e-01
2.867200000000000060e+01 9.920512000000000219e-01
2.867800000000000082e+01 9.893910000000001315e-01
2.868299999999999983e+01 9.895635000000000403e-01
2.868900000000000006e+01 9.869016000000000455e-01
2.869500000000000028e+01 9.871079999999999854e-01
2.870100000000000051e+01 9.844442999999999389e-01
2.870700000000000074e+01 9.817794000000000798e-01
2.871199999999999974e+01 9.819504000000000010e-01
2.871799999999999997e+01 9.792837999999999266e-01
2.872400000000000020e+01 9.794883999999999258e-01
2.873000000000000043e+01 9.768200000000001326e-01
2.873600000000000065e+01 9.741503999999999719e-01
2.874099999999999966e+01 9.743199000000000165e-01
2.874699999999999989e+01 9.716485999999998624e-01
2.875300000000000011e+01 9.718513999999999209e-01
2.875900000000000034e+01 9.691783000000000481e-01
2.876500000000000057e+01 9.665039999999999187e-01
2.877000000000000313e+01 9.666720000000000868e-01
2.877599999999999980e+01 9.639960000000000750e-01
2.878200000000000003e+01 9.641970000000000818e-01
2.878800000000000026e+01 9.615192000000000183e-01
2.879400000000000048e+01 9.588402000000001424e-01
2.879900000000000304e+01 9.590067000000002118e-01
2.880499999999999972e+01 9.563260000000000094e-01
2.881099999999999994e+01 9.565251999999999644e-01
2.881700000000000017e+01 9.538426999999999323e-01
2.882300000000000040e+01 9.540412999999999810e-01
2.882800000000000296e+01 9.513240000000001695e-01
2.883399999999999963e+01 9.486385999999999985e-01
2.883999999999999986e+01 9.488360000000000127e-01
2.884600000000000009e+01 9.461488000000001231e-01
2.885200000000000031e+01 9.463456000000001200e-01
2.885700000000000287e+01 9.436239000000000710e-01
2.886300000000000310e+01 9.409338000000000424e-01
2.886899999999999977e+01 9.411293999999998938e-01
2.887500000000000000e+01 9.384375000000000355e-01
2.888100000000000023e+01 9.386325000000000918e-01
2.888600000000000279e+01 9.359064000000000272e-01
2.889200000000000301e+01 9.361008000000000662e-01
2.889799999999999969e+01 9.334054000000000517e-01
2.890399999999999991e+01 9.307088000000000028e-01
2.891000000000000014e+01 9.309020000000000072e-01
2.891500000000000270e+01 9.281715000000000382e-01
2.892100000000000293e+01 9.283641000000000254e-01
2.892700000000000315e+01 9.256640000000001534e-01
2.893299999999999983e+01 9.229626999999999137e-01
2.893900000000000006e+01 9.231540999999999775e-01
2.894400000000000261e+01 9.204192000000001039e-01
2.895000000000000284e+01 9.206100000000001504e-01
2.895600000000000307e+01 9.179052000000000877e-01
2.896199999999999974e+01 9.151992000000001015e-01
2.896799999999999997e+01 9.153888000000001135e-01
2.897300000000000253e+01 9.126495000000001134e-01
2.897900000000000276e+01 9.128385000000001082e-01
2.898500000000000298e+01 9.101289999999999658e-01
2.899099999999999966e+01 9.074183000000000110e-01
2.899699999999999989e+01 9.076061000000000822e-01
2.900200000000000244e+01 9.048624000000000667e-01
2.900800000000000267e+01 8.992480000000000473e-01
2.901400000000000290e+01 8.936312000000000699e-01
2.902000000000000313e+01 8.909140000000000947e-01
2.902599999999999980e+01 8.852929999999999966e-01
2.903100000000000236e+01 8.796393000000001239e-01
2.903700000000000259e+01 8.769174000000000690e-01
2.904300000000000281e+01 8.712900000000000089e-01
2.904900000000000304e+01 8.656602000000001018e-01
2.905499999999999972e+01 8.629335000000000200e-01
2.906000000000000227e+01 8.572699999999999765e-01
2.906600000000000250e+01 8.516338000000001074e-01
2.907200000000000273e+01 8.459952000000000583e-01
2.907800000000000296e+01 8.432620000000001781e-01
2.908399999999999963e+01 8.376192000000000082e-01
2.908900000000000219e+01 8.319454000000000571e-01
2.909500000000000242e+01 8.292075000000000973e-01
2.910100000000000264e+01 8.235583000000000764e-01
2.910700000000000287e+01 8.179067000000000975e-01
2.911300000000000310e+01 8.122527000000001607e-01
2.911800000000000210e+01 8.094803999999999888e-01
2.912400000000000233e+01 8.038224000000000480e-01
2.913000000000000256e+01 7.981620000000000381e-01
2.913600000000000279e+01 7.924992000000000703e-01
2.914200000000000301e+01 7.897482000000000113e-01
2.914700000000000202e+01 7.840543000000000928e-01
2.915300000000000225e+01 7.783851000000000520e-01
2.915900000000000247e+01 7.727135000000000531e-01
2.916500000000000270e+01 7.699560000000000848e-01
2.917100000000000293e+01 7.642802000000000762e-01
2.917600000000000193e+01 7.585760000000000280e-01
2.918200000000000216e+01 7.528956000000001092e-01
2.918800000000000239e+01 7.501316000000001205e-01
2.919400000000000261e+01 7.444469999999999699e-01
2.920000000000000284e+01 7.387600000000000833e-01
2.920500000000000185e+01 7.330455000000000165e-01
2.921100000000000207e+01 7.273538999999999977e-01
2.921700000000000230e+01 7.245816000000000479e-01
2.922300000000000253e+01 7.188858000000000192e-01
2.922900000000000276e+01 7.131876000000001437e-01
2.923400000000000176e+01 7.074628000000000583e-01
2.924000000000000199e+01 7.017600000000000504e-01
2.924600000000000222e+01 6.989794000000001395e-01
2.925200000000000244e+01 6.932724000000000109e-01
2.925800000000000267e+01 6.875630000000000353e-01
2.926300000000000168e+01 6.818279000000000423e-01
2.926900000000000190e+01 6.761139000000000454e-01
2.927500000000000213e+01 6.703975000000000906e-01
2.928100000000000236e+01 6.676068000000000557e-01
2.928700000000000259e+01 6.618861999999999801e-01
2.929200000000000159e+01 6.561408000000000795e-01
2.929800000000000182e+01 6.504156000000000937e-01
2.930400000000000205e+01 6.446880000000000388e-01
2.931000000000000227e+01 6.389580000000000259e-01
2.931600000000000250e+01 6.332256000000000551e-01
2.932100000000000151e+01 6.304014999999999480e-01
2.932700000000000173e+01 6.246650999999999732e-01
2.933300000000000196e+01 6.189263000000000403e-01
2.933900000000000219e+01 6.131851000000000385e-01
2.934500000000000242e+01 6.074415000000000786e-01
2.935000000000000142e+01 6.016750000000000709e-01
2.935600000000000165e+01 5.959267999999999788e-01
2.936200000000000188e+01 5.901762000000000397e-01
2.936800000000000210e+01 5.873600000000001042e-01
2.937400000000000233e+01 5.816052000000000444e-01
2.937900000000000134e+01 5.758284000000000180e-01
2.938500000000000156e+01 5.700690000000000479e-01
2.939100000000000179e+01 5.643072000000000088e-01
2.939700000000000202e+01 5.585430000000000117e-01
2.940300000000000225e+01 5.527764000000000566e-01
2.940800000000000125e+01 5.469887999999999417e-01
2.941400000000000148e+01 5.412175999999999654e-01
2.942000000000000171e+01 5.383860000000000312e-01
2.942600000000000193e+01 5.326106000000000451e-01
2.943200000000000216e+01 5.268327999999999900e-01
2.943700000000000117e+01 5.210349000000000785e-01
2.944300000000000139e+01 5.152525000000001132e-01
2.944900000000000162e+01 5.094676999999999678e-01
2.945500000000000185e+01 5.036805000000000865e-01
2.946100000000000207e+01 5.008370000000000877e-01
2.946600000000000108e+01 4.950287999999999911e-01
2.947200000000000131e+01 4.892352000000000367e-01
2.947800000000000153e+01 4.834392000000000689e-01
2.948400000000000176e+01 4.776407999999999765e-01
2.949000000000000199e+01 4.718400000000000372e-01
2.949500000000000099e+01 4.660210000000000741e-01
2.950100000000000122e+01 4.631656999999999580e-01
2.950700000000000145e+01 4.603091999999999739e-01
2.951300000000000168e+01 4.545002000000000209e-01
2.951900000000000190e+01 4.516407000000000060e-01
2.952400000000000091e+01 4.487648000000000192e-01
2.953000000000000114e+01 4.459030000000000493e-01
2.953600000000000136e+01 4.430399999999999894e-01
2.954200000000000159e+01 4.401758000000000060e-01
2.954800000000000182e+01 4.373104000000000435e-01
2.955300000000000082e+01 4.314738000000000184e-01
2.955900000000000105e+01 4.286055000000000281e-01
2.956500000000000128e+01 4.257360000000000033e-01
2.957100000000000151e+01 4.228653000000000550e-01
2.957700000000000173e+01 4.199934000000000722e-01
2.958200000000000074e+01 4.171061999999999825e-01
2.958800000000000097e+01 4.142320000000000446e-01
2.959400000000000119e+01 4.113566000000000167e-01
2.960000000000000142e+01 4.084800000000000098e-01
2.960600000000000165e+01 4.026415999999999884e-01
2.961100000000000065e+01 3.997485000000000066e-01
2.961700000000000088e+01 3.968678000000000483e-01
2.962300000000000111e+01 3.939859000000000000e-01
2.962900000000000134e+01 3.911028000000000282e-01
2.963500000000000156e+01 3.882185000000000219e-01
2.964000000000000057e+01 3.853199999999999958e-01
2.964600000000000080e+01 3.824334000000000344e-01
2.965200000000000102e+01 3.795456000000000385e-01
2.965800000000000125e+01 3.766566000000000081e-01
2.966400000000000148e+01 3.737663999999999986e-01
2.966900000000000048e+01 3.708625000000000393e-01
2.967500000000000071e+01 3.679700000000000193e-01
2.968100000000000094e+01 3.650763000000000202e-01
2.968700000000000117e+01 3.621814000000000422e-01
2.969300000000000139e+01 3.592853000000000296e-01
2.969800000000000040e+01 3.563760000000000261e-01
2.970400000000000063e+01 3.534776000000000584e-01
2.971000000000000085e+01 3.505780000000000007e-01
2.971600000000000108e+01 3.476772000000000196e-01
2.972200000000000131e+01 3.447752000000000039e-01
2.972700000000000031e+01 3.418605000000000116e-01
2.973300000000000054e+01 3.389562000000000408e-01
2.973900000000000077e+01 3.360506999999999800e-01
2.974500000000000099e+01 3.331439999999999957e-01
2.975100000000000122e+01 3.302361000000000324e-01
2.975600000000000023e+01 3.273159999999999958e-01
2.976200000000000045e+01 3.244058000000000219e-01
2.976800000000000068e+01 3.214944000000000135e-01
2.977400000000000091e+01 3.185817999999999706e-01
2.978000000000000114e+01 3.156680000000000041e-01
2.978500000000000014e+01 3.127425000000000344e-01
2.979100000000000037e+01 3.098264000000000018e-01
2.979700000000000060e+01 3.069090999999999902e-01
2.980300000000000082e+01 3.039906000000000552e-01
2.980900000000000105e+01 3.040518000000000387e-01
2.981400000000000006e+01 3.011213999999999835e-01
2.982000000000000028e+01 2.982000000000000206e-01
2.982600000000000051e+01 2.952774000000000232e-01
2.983200000000000074e+01 2.923535999999999913e-01
2.983800000000000097e+01 2.894286000000000358e-01
2.984299999999999997e+01 2.864927999999999919e-01
2.984900000000000020e+01 2.835654999999999704e-01
2.985500000000000043e+01 2.806370000000000253e-01
2.986100000000000065e+01 2.777072999999999903e-01
2.986700000000000088e+01 2.747763999999999762e-01
2.987199999999999989e+01 2.718351999999999991e-01
2.987800000000000011e+01 2.718898000000000148e-01
2.988400000000000034e+01 2.689559999999999729e-01
2.989000000000000057e+01 2.660210000000000075e-01
2.989600000000000080e+01 2.630848000000000075e-01
2.990099999999999980e+01 2.601387000000000005e-01
2.990700000000000003e+01 2.572001999999999899e-01
2.991300000000000026e+01 2.542605000000000004e-01
2.991900000000000048e+01 2.513195999999999763e-01
2.992500000000000071e+01 2.483775000000000011e-01
2.992999999999999972e+01 2.454260000000000053e-01
2.993599999999999994e+01 2.454752000000000323e-01
2.994200000000000017e+01 2.425302000000000013e-01
2.994800000000000040e+01 2.395840000000000192e-01
2.995400000000000063e+01 2.366366000000000303e-01
2.995900000000000318e+01 2.336802000000000046e-01
2.996499999999999986e+01 2.307305000000000050e-01
2.997100000000000009e+01 2.277795999999999987e-01
2.997700000000000031e+01 2.248274999999999857e-01
2.998300000000000054e+01 2.248725000000000029e-01
2.998800000000000310e+01 2.219112000000000307e-01
2.999399999999999977e+01 2.189561999999999897e-01
