3.713180000000000369e+00 3.901772412200000444e-04
3.714540000000000397e+00 4.124736652200000219e-04
3.715890000000000359e+00 4.380328290900000875e-04
3.717240000000000322e+00 4.671418335600000145e-04
3.718590000000000284e+00 4.986740747700000361e-04
3.719940000000000246e+00 5.312334715800000806e-04
3.721290000000000209e+00 5.651523122999999602e-04
3.722640000000000171e+00 6.032277535200001022e-04
3.723990000000000133e+00 6.457473139799999951e-04
3.725350000000000161e+00 6.898528623000000888e-04
3.726700000000000124e+00 7.349089667000000426e-04
3.728050000000000086e+00 7.817944533000000104e-04
3.729400000000000048e+00 8.319918460000000045e-04
3.730750000000000011e+00 8.881945755000000050e-04
3.732099999999999973e+00 9.498605031000000986e-04
3.733450000000000379e+00 1.014531436449999996e-03
3.734800000000000342e+00 1.082770807200000027e-03
3.736150000000000304e+00 1.157111808050000122e-03
3.737509999999999888e+00 1.235893644230000137e-03
3.738859999999999850e+00 1.321066359240000024e-03
3.740209999999999813e+00 1.410706226329999950e-03
3.741560000000000219e+00 1.504305422679999994e-03
3.742910000000000181e+00 1.601785820319999963e-03
3.744260000000000144e+00 1.704873905800000089e-03
3.745610000000000106e+00 1.814107545690000047e-03
3.746960000000000068e+00 1.930707320080000088e-03
3.748320000000000096e+00 2.053940672160000161e-03
3.749670000000000059e+00 2.184962706360000367e-03
3.751020000000000021e+00 2.326165044840000033e-03
3.752369999999999983e+00 2.476485400229999807e-03
3.753719999999999946e+00 2.634957537480000014e-03
3.755069999999999908e+00 2.802247272989999861e-03
3.756419999999999870e+00 2.978660751839999708e-03
3.757769999999999833e+00 3.165831038519999717e-03
3.759130000000000305e+00 3.364477736949999988e-03
3.760480000000000267e+00 3.573129125920000097e-03
3.761830000000000673e+00 3.792564151100001005e-03
3.763180000000000636e+00 4.024382323800000660e-03
3.764530000000000598e+00 4.268638212300000442e-03
3.765880000000000560e+00 4.526512442400001078e-03
3.767230000000000523e+00 4.798396195600001385e-03
3.768580000000000485e+00 5.084191278000000681e-03
3.769940000000000513e+00 5.385811682800000465e-03
3.771290000000000475e+00 5.703435005700000990e-03
3.772640000000000438e+00 6.036224000000000624e-03
3.773990000000000400e+00 6.386006218900000184e-03
3.775340000000000362e+00 6.754083260000000831e-03
3.776690000000000325e+00 7.146403885600000408e-03
3.778040000000000287e+00 7.556911168800000377e-03
3.779390000000000249e+00 7.986758123600001813e-03
3.780750000000000277e+00 8.439352342500001242e-03
3.782100000000000239e+00 8.917284096000000632e-03
3.783450000000000202e+00 9.421698528000000544e-03
3.784800000000000164e+00 9.952964256000000620e-03
3.786150000000000126e+00 1.051425213450000139e-02
3.787500000000000089e+00 1.110790424999999991e-02
3.788850000000000051e+00 1.173501566250000072e-02
3.790200000000000014e+00 1.239800951400000031e-02
3.791560000000000041e+00 1.309669280520000048e-02
3.792910000000000004e+00 1.383657360910000092e-02
3.794259999999999966e+00 1.462220536019999927e-02
3.795609999999999928e+00 1.545610348100000080e-02
3.796959999999999891e+00 1.634185005279999853e-02
3.798309999999999853e+00 1.728512124940000116e-02
3.799659999999999815e+00 1.828848551540000061e-02
3.801010000000000222e+00 1.935991229360000190e-02
3.802369999999999806e+00 2.050443231980000197e-02
3.803719999999999768e+00 2.172624004479999787e-02
3.805069999999999730e+00 2.303224091279999775e-02
3.806419999999999693e+00 2.443074548599999743e-02
3.807770000000000099e+00 2.592725824079999963e-02
3.809120000000000061e+00 2.752953870240000198e-02
3.810470000000000024e+00 2.924787216020000025e-02
3.811819999999999986e+00 3.108954698379999895e-02
3.813180000000000458e+00 3.306698179680000321e-02
3.814530000000000420e+00 3.519308265180000339e-02
3.815880000000000383e+00 3.748090891800000268e-02
3.817230000000000345e+00 3.995647330200000069e-02
3.818580000000000307e+00 4.265468417400000017e-02
3.819930000000000270e+00 4.552783570500000543e-02
3.821280000000000676e+00 4.863037353600000584e-02
3.822630000000000638e+00 5.198547442200000812e-02
3.823980000000000601e+00 5.561596512000000631e-02
3.825340000000000185e+00 5.954524243999999994e-02
3.826690000000000147e+00 6.379819301099999562e-02
3.828040000000000109e+00 6.840248115200001089e-02
3.829390000000000516e+00 7.339025935000001444e-02
3.830740000000000478e+00 7.879793872600000804e-02
3.832090000000000440e+00 8.466198116100000226e-02
3.833440000000000403e+00 9.102273273600000603e-02
3.834790000000000365e+00 9.792596439799999830e-02
3.836150000000000393e+00 1.054189364600000012e-01
3.837500000000000355e+00 1.135520087500000164e-01
3.838850000000000318e+00 1.224954001900000061e-01
3.840200000000000280e+00 1.321063361800000058e-01
3.841550000000000242e+00 1.425076754200000073e-01
3.842900000000000205e+00 1.537836350400000052e-01
3.844250000000000167e+00 1.659993281000000098e-01
3.845600000000000129e+00 1.792222652000000083e-01
3.846960000000000157e+00 1.935247850640000045e-01
3.848310000000000120e+00 2.089778565779999986e-01
3.849660000000000082e+00 2.256547502880000000e-01
3.851010000000000044e+00 2.436252903270000325e-01
3.852360000000000007e+00 2.629628640719999799e-01
3.853709999999999969e+00 2.837398037670000317e-01
3.855059999999999931e+00 3.060192888719999726e-01
3.856409999999999894e+00 3.298584149909999930e-01
3.857769999999999921e+00 3.556208119100000009e-01
3.859119999999999884e+00 3.828370531840000202e-01
3.860469999999999846e+00 4.116264742199999827e-01
3.861819999999999808e+00 4.421088772399999756e-01
3.863169999999999771e+00 4.742697913899999729e-01
3.864519999999999733e+00 5.080954960400000386e-01
3.865869999999999695e+00 5.435451878699999462e-01
3.867220000000000102e+00 5.805625352800000138e-01
3.868580000000000574e+00 6.190772516600000497e-01
3.869930000000000536e+00 6.589948999800000484e-01
3.871280000000000499e+00 7.001867997600000892e-01
3.872630000000000461e+00 7.425225856800000690e-01
3.873980000000000423e+00 7.858523389200000597e-01
3.875330000000000386e+00 8.300026780800000559e-01
3.876680000000000348e+00 8.747728420000000504e-01
3.878030000000000310e+00 9.199850569000000977e-01
3.879390000000000338e+00 9.654055984500000687e-01
3.880740000000000300e+00 1.010831870759999918e+00
3.882090000000000263e+00 1.056064353150000246e+00
3.883440000000000225e+00 1.100889221519999905e+00
3.884790000000000187e+00 1.145096239560000173e+00
3.886140000000000150e+00 1.188509854620000139e+00
3.887490000000000112e+00 1.230962046030000145e+00
3.888840000000000519e+00 1.272292338600000017e+00
3.890200000000000102e+00 1.312382311199999929e+00
3.891550000000000065e+00 1.351118919149999931e+00
3.892900000000000027e+00 1.388402785000000028e+00
3.894249999999999989e+00 1.424173955999999963e+00
3.895600000000000396e+00 1.458403563200000086e+00
3.896950000000000358e+00 1.491023730350000021e+00
3.898300000000000320e+00 1.523786995500000074e+00
3.899650000000000283e+00 1.553238394300000103e+00
3.901009999999999867e+00 1.581098858050000056e+00
3.902359999999999829e+00 1.607409400519999920e+00
3.903710000000000235e+00 1.632234840040000190e+00
3.905060000000000198e+00 1.655628288200000187e+00
3.906410000000000160e+00 1.677635119369999872e+00
3.907760000000000122e+00 1.698347665840000076e+00
3.909110000000000085e+00 1.717838843949999861e+00
3.910460000000000047e+00 1.736162120340000170e+00
3.911820000000000075e+00 1.753422461340000016e+00
3.913170000000000037e+00 1.769637216420000048e+00
3.914520000000000000e+00 1.785866656320000079e+00
3.915869999999999962e+00 1.801104406500000144e+00
3.917219999999999924e+00 1.814507227859999849e+00
3.918569999999999887e+00 1.827064611059999955e+00
3.919919999999999849e+00 1.838826632159999974e+00
3.921269999999999811e+00 1.849863043769999882e+00
3.922619999999999774e+00 1.860184856399999864e+00
3.923980000000000690e+00 1.869843177660000411e+00
3.925330000000000652e+00 1.878890607140000224e+00
3.926680000000000614e+00 1.887346961960000291e+00
3.928030000000000577e+00 1.895235194700000125e+00
3.929380000000000539e+00 1.902609725380000283e+00
3.930730000000000501e+00 1.909462157940000182e+00
3.932080000000000464e+00 1.915811610080000227e+00
3.933430000000000426e+00 1.921728361090000226e+00
3.934790000000000454e+00 1.927232598470000058e+00
3.936140000000000416e+00 1.932321976520000373e+00
3.937490000000000379e+00 1.938134952740000250e+00
3.938840000000000341e+00 1.943675741760000131e+00
3.940190000000000303e+00 1.947773823650000180e+00
3.941540000000000266e+00 1.951811192600000133e+00
3.942890000000000228e+00 1.955586696419999937e+00
3.944240000000000190e+00 1.959092175280000125e+00
3.945600000000000218e+00 1.962363888000000056e+00
3.946950000000000180e+00 1.965415328100000192e+00
3.948300000000000143e+00 1.968263084699999999e+00
3.949650000000000105e+00 1.970914846500000150e+00
3.951000000000000068e+00 1.973172861000000111e+00
3.952350000000000030e+00 1.975202721899999903e+00
3.953699999999999992e+00 1.977075360899999801e+00
3.955050000000000399e+00 1.978845986699999893e+00
3.956409999999999982e+00 1.980515543440000137e+00
3.957759999999999945e+00 1.982073912319999964e+00
3.959109999999999907e+00 1.983561619320000080e+00
3.960459999999999869e+00 1.984994433379999812e+00
3.961809999999999832e+00 1.986368335989999956e+00
3.963160000000000238e+00 1.987679303239999973e+00
3.964510000000000201e+00 1.988955021900000064e+00
3.965860000000000163e+00 1.990179592080000281e+00
3.967219999999999747e+00 1.991357980659999694e+00
3.968569999999999709e+00 1.992519782750000079e+00
3.969920000000000115e+00 1.995678784000000094e+00
3.971270000000000078e+00 1.997008717279999956e+00
3.972620000000000040e+00 1.998152380220000079e+00
3.973970000000000002e+00 1.999296359060000139e+00
3.975319999999999965e+00 2.000416801880000151e+00
3.976669999999999927e+00 2.001537544400000090e+00
3.978030000000000399e+00 2.004974856360000057e+00
3.979380000000000361e+00 2.006077086839999968e+00
3.980730000000000324e+00 2.007143776950000014e+00
3.982080000000000286e+00 2.008194800640000111e+00
3.983430000000000692e+00 2.009226158280000174e+00
3.984780000000000655e+00 2.010245799180000237e+00
3.986130000000000617e+00 2.011269655710000048e+00
3.987480000000000580e+00 2.012293744440000420e+00
3.988840000000000163e+00 2.013295190880000085e+00
3.990190000000000126e+00 2.014307764850000293e+00
3.991540000000000532e+00 2.015316571380000532e+00
3.992890000000000494e+00 2.016309627750000111e+00
3.994240000000000457e+00 2.017310883200000404e+00
3.995590000000000419e+00 2.018312354650000362e+00
3.996940000000000381e+00 2.019302051279999954e+00
3.998290000000000344e+00 2.020279960940000397e+00
3.999650000000000372e+00 2.021271123300000028e+00
4.001000000000000334e+00 2.022209426000000310e+00
4.002349999999999852e+00 2.023123887400000154e+00
4.003700000000000259e+00 2.024046512800000031e+00
4.005049999999999777e+00 2.024965295149999900e+00
4.006400000000000183e+00 2.025876224000000114e+00
4.007750000000000590e+00 2.026791314500000496e+00
4.009100000000000108e+00 2.027718588900000007e+00
4.010450000000000514e+00 2.028722226550000229e+00
4.011809999999999654e+00 2.029915682850000014e+00
4.013160000000000061e+00 2.031120473400000126e+00
4.014510000000000467e+00 2.032313571420000020e+00
4.015859999999999985e+00 2.033498980620000118e+00
4.017210000000000392e+00 2.034688744529999926e+00
4.018559999999999910e+00 2.037192917760000110e+00
4.019910000000000316e+00 2.039388781020000430e+00
4.021259999999999835e+00 2.042586953220000279e+00
4.022619999999999862e+00 2.043531186199999627e+00
4.023970000000000269e+00 2.044454413930000047e+00
4.025319999999999787e+00 2.045389876919999850e+00
4.026670000000000194e+00 2.046337587320000040e+00
4.028019999999999712e+00 2.047281445199999883e+00
4.029370000000000118e+00 2.048225475880000257e+00
4.030719999999999636e+00 2.049173710079999822e+00
4.032070000000000043e+00 2.050110023569999829e+00
4.033430000000000071e+00 2.051039489299999907e+00
4.034780000000000477e+00 2.051972099380000358e+00
4.036130000000000884e+00 2.052904874160000226e+00
4.037480000000000402e+00 2.053829738680000183e+00
4.038830000000000808e+00 2.054758801330000217e+00
4.040180000000000327e+00 2.055744588500000081e+00
4.041530000000000733e+00 2.056964984210000402e+00
4.042880000000000251e+00 2.058185736320000014e+00
4.044240000000000279e+00 2.059428114000000143e+00
4.045590000000000686e+00 2.060665767990000230e+00
4.046940000000000204e+00 2.061887601420000049e+00
4.048290000000000610e+00 2.063113839540000605e+00
4.049640000000000128e+00 2.064340436759999786e+00
4.050990000000000535e+00 2.065336486650000580e+00
4.052340000000000053e+00 2.066251694940000050e+00
4.053690000000000460e+00 2.067175161810000272e+00
4.055050000000000487e+00 2.068087665150000198e+00
4.056400000000000006e+00 2.068991158399999808e+00
4.057750000000000412e+00 2.069898852500000164e+00
4.059099999999999930e+00 2.070814810599999944e+00
4.060450000000000337e+00 2.072782576449999858e+00
4.061799999999999855e+00 2.074998962600000052e+00
4.063150000000000261e+00 2.075908029650000319e+00
4.064499999999999780e+00 2.076800984499999725e+00
4.065859999999999808e+00 2.077678855159999838e+00
4.067210000000000214e+00 2.078551737710000236e+00
4.068559999999999732e+00 2.079412536079999985e+00
4.069910000000000139e+00 2.080240888570000113e+00
4.071259999999999657e+00 2.081342107279999798e+00
4.072610000000000063e+00 2.083860866970000281e+00
4.073960000000000470e+00 2.085851224160000239e+00
4.075309999999999988e+00 2.086945874450000016e+00
4.076670000000000016e+00 2.088058143990000115e+00
4.078019999999999534e+00 2.089153333919999689e+00
4.079369999999999941e+00 2.090232473669999980e+00
4.080720000000000347e+00 2.091177206160000246e+00
4.082069999999999865e+00 2.091979233600000043e+00
4.083420000000000272e+00 2.092765000260000452e+00
4.084769999999999790e+00 2.093538574709999711e+00
4.086120000000000196e+00 2.094324461519999847e+00
4.087480000000000224e+00 2.095095098720000326e+00
4.088830000000000631e+00 2.095860659060000408e+00
4.090180000000000149e+00 2.096638538540000152e+00
4.091530000000000555e+00 2.097416474720000146e+00
4.092880000000000074e+00 2.098182188960000083e+00
4.094230000000000480e+00 2.098960234490000243e+00
4.095580000000000886e+00 2.099758814620000358e+00
4.096930000000000405e+00 2.100545174160000084e+00
4.098280000000000811e+00 2.101339792360000569e+00
4.099639999999999951e+00 2.102143705320000056e+00
4.100990000000000357e+00 2.102745713590000065e+00
4.102340000000000764e+00 2.103257410980000408e+00
4.103690000000000282e+00 2.105443295090000166e+00
4.105040000000000688e+00 2.106718843120000351e+00
4.106390000000000207e+00 2.107239198789999879e+00
4.107740000000000613e+00 2.107763548800000386e+00
4.109090000000000131e+00 2.108308333560000136e+00
4.110450000000000159e+00 2.108944471050000047e+00
4.111800000000000566e+00 2.109748132800000064e+00
4.113150000000000084e+00 2.110568320050000057e+00
4.114500000000000490e+00 2.111396819999999952e+00
4.115850000000000009e+00 2.112213061500000322e+00
4.117200000000000415e+00 2.113025266800000246e+00
4.118549999999999933e+00 2.115139012200000224e+00
4.119900000000000340e+00 2.116985895600000056e+00
4.121260000000000367e+00 2.117804239980000336e+00
4.122609999999999886e+00 2.118617524219999826e+00
4.123960000000000292e+00 2.119435010720000179e+00
4.125309999999999810e+00 2.120236076979999940e+00
4.126660000000000217e+00 2.121033086779999799e+00
4.128009999999999735e+00 2.121846676120000108e+00
4.129360000000000142e+00 2.122647955680000198e+00
4.130709999999999660e+00 2.123288207749999490e+00
4.132069999999999688e+00 2.123797206529999482e+00
4.133420000000000094e+00 2.124296807440000379e+00
4.134769999999999612e+00 2.124763203290000124e+00
4.136120000000000019e+00 2.125217042280000079e+00
4.137469999999999537e+00 2.125662449729999626e+00
4.138819999999999943e+00 2.126087001079999705e+00
4.140170000000000350e+00 2.126548638460000529e+00
4.141519999999999868e+00 2.127473974880000007e+00
4.142880000000000784e+00 2.128396314240000198e+00
4.144230000000000302e+00 2.129288797080000073e+00
4.145580000000000709e+00 2.130177263940000731e+00
4.146930000000000227e+00 2.131061710770000062e+00
4.148280000000000634e+00 2.134373025600000418e+00
4.149630000000000152e+00 2.135212864650000153e+00
4.150980000000000558e+00 2.135841098220000234e+00
4.152330000000000076e+00 2.136382089660000094e+00
4.153690000000000104e+00 2.136903203710000199e+00
4.155040000000000511e+00 2.137389971360000196e+00
4.156390000000000029e+00 2.137872447619999949e+00
4.157740000000000435e+00 2.138321524260000217e+00
4.159089999999999954e+00 2.138749646149999961e+00
4.160440000000000360e+00 2.140213544799999923e+00
4.161790000000000767e+00 2.141973430040000625e+00
4.163140000000000285e+00 2.142389312260000178e+00
4.164500000000000313e+00 2.142793501000000322e+00
4.165849999999999831e+00 2.143192351949999797e+00
4.167200000000000237e+00 2.143574342399999999e+00
4.168550000000000644e+00 2.143910276300000639e+00
4.169900000000000162e+00 2.144241808099999869e+00
4.171250000000000568e+00 2.144581447500000237e+00
4.172600000000000087e+00 2.144899994399999787e+00
4.173950000000000493e+00 2.145201602500000249e+00
4.175309999999999633e+00 2.145499744739999937e+00
4.176660000000000039e+00 2.145784134959999978e+00
4.178010000000000446e+00 2.146047370530000276e+00
4.179359999999999964e+00 2.146306148639999911e+00
4.180710000000000370e+00 2.146568826659999818e+00
4.182059999999999889e+00 2.146827044519999728e+00
4.183410000000000295e+00 2.147072431350000254e+00
4.184759999999999813e+00 2.147325898799999688e+00
4.186110000000000220e+00 2.147579082750000090e+00
4.187470000000000248e+00 2.147824549990000165e+00
4.188819999999999766e+00 2.148056217739999774e+00
4.190170000000000172e+00 2.148287588490000122e+00
4.191519999999999690e+00 2.148489321600000057e+00
4.192870000000000097e+00 2.148682353070000328e+00
4.194219999999999615e+00 2.151332876160000129e+00
4.195570000000000022e+00 2.151534447269999983e+00
4.196919999999999540e+00 2.151731505559999480e+00
4.198280000000000456e+00 2.151937569280000240e+00
4.199630000000000862e+00 2.152159188320000638e+00
4.200980000000000381e+00 2.152376303980000127e+00
4.202330000000000787e+00 2.152593114540000130e+00
4.203680000000000305e+00 2.154436444159999908e+00
4.205030000000000712e+00 2.155435302550000376e+00
4.206380000000000230e+00 2.155673003259999998e+00
4.207730000000000636e+00 2.155914620100000345e+00
4.209090000000000664e+00 2.156165279760000608e+00
4.210440000000000182e+00 2.156448423480000098e+00
4.211790000000000589e+00 2.156773423200000206e+00
4.213140000000000107e+00 2.157102401159999960e+00
4.214490000000000514e+00 2.157439575900000239e+00
4.215840000000000032e+00 2.157789171360000147e+00
4.217190000000000438e+00 2.158134330929999845e+00
4.218539999999999957e+00 2.158491924719999844e+00
4.219899999999999984e+00 2.158867080800000338e+00
4.221250000000000391e+00 2.159194702500000229e+00
4.222599999999999909e+00 2.159517869399999679e+00
4.223950000000000315e+00 2.159853473250000100e+00
4.225299999999999834e+00 2.160193075600000068e+00
4.226650000000000240e+00 2.160524000550000157e+00
4.228000000000000647e+00 2.160842012000000256e+00
4.229350000000000165e+00 2.161155556500000241e+00
4.230710000000000193e+00 2.161473969710000276e+00
4.232059999999999711e+00 2.161770104479999954e+00
4.233410000000000117e+00 2.162053287920000511e+00
4.234759999999999636e+00 2.162336212159999604e+00
4.236110000000000042e+00 2.162618877199999901e+00
4.237460000000000448e+00 2.162909757960000512e+00
4.238809999999999967e+00 2.163225817779999893e+00
4.240160000000000373e+00 2.163567080960000499e+00
4.241519999999999513e+00 2.163892016879999769e+00
4.242869999999999919e+00 2.166379721909999834e+00
4.244220000000000326e+00 2.167077510900000448e+00
4.245569999999999844e+00 2.167461133109999771e+00
4.246920000000000250e+00 2.167836067080000095e+00
4.248269999999999769e+00 2.170602577259999943e+00
4.249620000000000175e+00 2.170982121300000234e+00
4.250969999999999693e+00 2.171318958539999677e+00
4.252330000000000609e+00 2.171635164690000064e+00
4.253680000000000128e+00 2.171946022719999814e+00
4.255030000000000534e+00 2.172260895480000009e+00
4.256380000000000052e+00 2.172579787020000097e+00
4.257730000000000459e+00 2.172898443660000289e+00
4.259080000000000865e+00 2.173221124480000821e+00
4.260430000000000383e+00 2.172252662810000068e+00
4.261780000000000790e+00 2.168517255620000306e+00
4.263139999999999930e+00 2.164779860599999939e+00
4.264490000000000336e+00 2.161043100970000186e+00
4.265840000000000742e+00 2.157290743920000420e+00
4.267190000000000261e+00 2.153518510110000062e+00
4.268540000000000667e+00 2.149730651880000565e+00
4.269890000000000185e+00 2.145935696860000075e+00
4.271240000000000592e+00 2.140241481680000390e+00
4.272590000000000110e+00 2.134368061910000058e+00
4.273950000000000138e+00 2.128491209249999905e+00
4.275300000000000544e+00 2.122613769900000502e+00
4.276650000000000063e+00 2.116723640850000088e+00
4.278000000000000469e+00 2.110833648000000284e+00
4.279349999999999987e+00 2.104948074750000231e+00
4.280700000000000394e+00 2.107469943300000370e+00
4.282049999999999912e+00 2.117769186449999896e+00
4.283400000000000318e+00 2.128065937800000196e+00
4.284749999999999837e+00 2.138360189249999710e+00
4.286109999999999864e+00 2.148648373549999935e+00
4.287460000000000271e+00 2.158916183320000126e+00
4.288809999999999789e+00 2.169177166559999925e+00
4.290160000000000196e+00 2.178285838399999896e+00
4.291509999999999714e+00 2.178808210019999692e+00
4.292860000000000120e+00 2.179321893320000036e+00
4.294209999999999638e+00 2.182768414049999883e+00
4.295560000000000045e+00 2.185250169880000204e+00
4.296920000000000073e+00 2.185774453280000085e+00
4.298269999999999591e+00 2.186293544149999768e+00
4.299619999999999997e+00 2.186816829340000101e+00
4.300969999999999516e+00 2.187090555669999770e+00
4.302319999999999922e+00 2.187256464799999911e+00
4.303670000000000329e+00 2.187413439890000255e+00
4.305019999999999847e+00 2.187570082880000211e+00
4.306370000000000253e+00 2.187726393769999778e+00
4.307730000000000281e+00 2.187878836080000333e+00
4.309080000000000688e+00 2.188021551600000780e+00
4.310430000000000206e+00 2.188159616490000126e+00
4.311780000000000612e+00 2.188288714920000544e+00
4.313130000000000130e+00 2.188408838790000033e+00
4.314480000000000537e+00 2.188532923439999944e+00
4.315830000000000055e+00 2.188660972920000169e+00
4.317180000000000462e+00 2.188788674099999998e+00
4.318540000000000489e+00 2.188912458560000385e+00
4.319890000000000008e+00 2.189026499479999721e+00
4.321240000000000414e+00 2.189205002600000505e+00
4.322589999999999932e+00 2.189378867229999859e+00
4.323940000000000339e+00 2.189543765379999840e+00
4.325290000000000745e+00 2.189704014240000607e+00
4.326640000000000263e+00 2.189859609760000048e+00
4.327990000000000670e+00 2.190010547890000492e+00
4.329349999999999810e+00 2.190153224749999961e+00
4.330700000000000216e+00 2.190273178500000029e+00
4.332050000000000622e+00 2.190375453050000143e+00
4.333400000000000141e+00 2.190468698999999742e+00
4.334750000000000547e+00 2.190557243000000209e+00
4.336100000000000065e+00 2.190649753200000216e+00
4.337450000000000472e+00 2.190737558750000424e+00
4.338799999999999990e+00 2.190824994399999781e+00
4.340160000000000018e+00 2.190899747520000052e+00
4.341510000000000424e+00 2.190960387540000553e+00
4.342859999999999943e+00 2.191007612879999567e+00
4.344210000000000349e+00 2.191037067179999909e+00
4.345559999999999867e+00 2.192400203400000080e+00
4.346910000000000274e+00 2.193463826730000399e+00
4.348259999999999792e+00 2.193436274399999775e+00
4.349610000000000198e+00 2.193338688209999887e+00
4.350970000000000226e+00 2.193215202750000259e+00
4.352319999999999744e+00 2.195571347200000023e+00
4.353670000000000151e+00 2.195407756219999840e+00
4.355019999999999669e+00 2.195230576379999743e+00
4.356370000000000076e+00 2.195031082789999921e+00
4.357719999999999594e+00 2.194813612919999990e+00
4.359070000000000000e+00 2.194573791499999871e+00
4.360419999999999519e+00 2.194324679539999767e+00
4.361780000000000435e+00 2.194097469840000425e+00
4.363130000000000841e+00 2.193842847820000497e+00
4.364480000000000359e+00 2.193557096640000204e+00
4.365830000000000766e+00 2.193240187950000308e+00
4.367180000000000284e+00 2.192896460580000095e+00
4.368530000000000690e+00 2.192530258760000184e+00
4.369880000000000209e+00 2.192141562240000230e+00
4.371230000000000615e+00 2.191712865850000469e+00
4.372580000000000133e+00 2.191261623460000418e+00
4.373940000000000161e+00 2.190792823560000269e+00
4.375290000000000568e+00 2.190300801030000244e+00
4.376640000000000086e+00 2.189786174400000007e+00
4.377990000000000492e+00 2.189257679399999823e+00
4.379340000000000011e+00 2.188706545200000075e+00
4.380690000000000417e+00 2.188167797070000198e+00
4.382039999999999935e+00 2.187623918999999972e+00
4.383390000000000342e+00 2.187066140160000227e+00
4.384750000000000369e+00 2.186503819750000410e+00
4.386099999999999888e+00 2.185926973599999990e+00
4.387450000000000294e+00 2.185336195600000142e+00
4.388799999999999812e+00 2.184749028799999770e+00
4.390150000000000219e+00 2.184152306800000165e+00
4.391500000000000625e+00 2.183546021500000212e+00
4.392850000000000144e+00 2.182943343350000287e+00
4.394200000000000550e+00 2.182348670600000151e+00
4.395559999999999690e+00 2.181766974919999935e+00
4.396910000000000096e+00 2.181320241729999942e+00
4.398260000000000502e+00 2.180947593159999975e+00
4.399610000000000021e+00 2.180583103910000098e+00
4.400960000000000427e+00 2.180231183040000076e+00
4.402309999999999945e+00 2.179878635770000184e+00
4.403660000000000352e+00 2.179547480400000126e+00
4.405009999999999870e+00 2.179259762230000064e+00
4.406369999999999898e+00 2.181320592060000063e+00
4.407720000000000304e+00 2.181036825840000137e+00
4.409069999999999823e+00 2.180783339910000063e+00
4.410420000000000229e+00 2.180546931360000329e+00
4.411769999999999747e+00 2.180336439930000036e+00
4.413120000000000154e+00 2.180451982080000128e+00
4.414469999999999672e+00 2.182474237770000158e+00
4.415820000000000078e+00 2.182337986379999872e+00
4.417180000000000106e+00 2.182232686939999944e+00
4.418530000000000513e+00 2.182144062860000400e+00
4.419880000000000919e+00 2.182068236720000609e+00
4.421230000000000437e+00 2.182022905590000228e+00
4.422580000000000844e+00 2.181994830080000281e+00
4.423930000000000362e+00 2.181988450319999995e+00
4.425280000000000769e+00 2.181999361280000382e+00
4.426630000000000287e+00 2.182032005790000007e+00
4.427990000000000315e+00 2.182082476070000165e+00
4.429340000000000721e+00 2.182154215060000624e+00
4.430690000000000239e+00 2.182216730870000010e+00
4.432040000000000646e+00 2.182283311520000435e+00
4.433390000000000164e+00 2.182358394450000016e+00
4.434740000000000570e+00 2.182459726720000326e+00
4.436090000000000089e+00 2.182569588270000249e+00
4.437440000000000495e+00 2.182692424640000350e+00
4.438800000000000523e+00 2.182837604400000409e+00
4.440150000000000041e+00 2.182986427049999900e+00
4.441500000000000448e+00 2.183174909999999969e+00
4.442849999999999966e+00 2.183371989749999909e+00
4.444200000000000372e+00 2.183564341800000363e+00
4.445549999999999891e+00 2.183676387749999837e+00
4.446900000000000297e+00 2.183801439600000283e+00
4.448249999999999815e+00 2.183917268249999655e+00
4.449609999999999843e+00 2.184051022010000231e+00
4.450960000000000250e+00 2.184161738320000268e+00
4.452309999999999768e+00 2.184276572139999928e+00
4.453660000000000174e+00 2.184382166539999837e+00
4.455009999999999692e+00 2.184491878449999813e+00
4.456360000000000099e+00 2.184596799199999939e+00
4.457710000000000505e+00 2.184701382450000118e+00
4.459060000000000024e+00 2.184805628199999905e+00
4.460410000000000430e+00 2.184909536450000189e+00
4.461769999999999570e+00 2.185035851479999902e+00
4.463119999999999976e+00 2.185152478240000029e+00
4.464469999999999494e+00 2.185268775599999991e+00
4.465819999999999901e+00 2.185375811920000189e+00
4.467170000000000307e+00 2.185482513440000218e+00
4.468519999999999825e+00 2.185579943120000035e+00
4.469870000000000232e+00 2.185672562730000212e+00
4.471219999999999750e+00 2.185751425779999924e+00
4.472580000000000666e+00 2.185825879860000320e+00
4.473930000000000184e+00 2.185895089050000184e+00
4.475280000000000591e+00 2.185950516000000121e+00
4.476630000000000109e+00 2.187505249500000026e+00
4.477980000000000516e+00 2.188424649839999958e+00
4.479330000000000922e+00 2.188452820110000197e+00
4.480680000000000440e+00 2.188462686960000347e+00
4.482030000000000847e+00 2.188463198250000463e+00
4.483389999999999986e+00 2.188445776970000090e+00
4.484740000000000393e+00 2.190257321200000273e+00
4.486090000000000799e+00 2.190867287210000569e+00
4.487440000000000317e+00 2.190813082400000056e+00
4.488790000000000724e+00 2.190744981920000445e+00
4.490140000000000242e+00 2.190667463760000100e+00
4.491490000000000649e+00 2.190562553860000428e+00
4.492840000000000167e+00 2.190439213599999935e+00
4.494200000000000195e+00 2.190302300399999957e+00
4.495550000000000601e+00 2.190106084600000447e+00
4.496900000000000119e+00 2.189900362000000378e+00
4.498250000000000526e+00 2.189667131500000252e+00
4.499600000000000044e+00 2.189424367199999999e+00
4.500950000000000450e+00 2.189190064800000002e+00
4.502299999999999969e+00 2.188959730100000112e+00
4.503650000000000375e+00 2.188701841600000364e+00
4.505010000000000403e+00 2.188425737760000267e+00
4.506359999999999921e+00 2.188135199760000038e+00
4.507710000000000328e+00 2.187821556209999851e+00
4.509059999999999846e+00 2.187489295919999854e+00
4.510410000000000252e+00 2.187129381870000167e+00
4.511759999999999771e+00 2.186755325040000031e+00
4.513110000000000177e+00 2.186362600170000281e+00
4.514459999999999695e+00 2.185955705519999626e+00
4.515819999999999723e+00 2.185534952859999880e+00
4.517170000000000130e+00 2.185090644100000201e+00
4.518519999999999648e+00 2.184636642199999645e+00
4.519870000000000054e+00 2.184163899320000102e+00
4.521219999999999573e+00 2.183685962919999834e+00
4.522569999999999979e+00 2.183180216099999793e+00
4.523919999999999497e+00 2.182673778079999849e+00
4.525269999999999904e+00 2.182139497239999670e+00
4.526630000000000820e+00 2.181591221980000217e+00
4.527980000000000338e+00 2.181014766500000146e+00
4.529330000000000744e+00 2.180423991330000533e+00
4.530680000000000263e+00 2.179814353640000313e+00
4.532030000000000669e+00 2.179172241140000299e+00
4.533380000000000187e+00 2.178524825759999839e+00
4.534730000000000594e+00 2.177863033990000474e+00
4.536080000000000112e+00 2.177209534080000175e+00
4.537440000000000140e+00 2.176541906399999782e+00
4.538790000000000546e+00 2.175864154470000145e+00
4.540140000000000065e+00 2.175176533860000205e+00
4.541490000000000471e+00 2.174488119450000312e+00
4.542839999999999989e+00 2.173794368399999843e+00
4.544190000000000396e+00 2.173077099900000420e+00
4.545540000000000802e+00 2.172349930320000233e+00
4.546890000000000320e+00 2.171603757780000254e+00
4.548250000000000348e+00 2.170870628500000343e+00
4.549599999999999866e+00 2.170118253600000102e+00
4.550950000000000273e+00 2.169387804549999910e+00
4.552299999999999791e+00 2.168670196999999966e+00
4.553650000000000198e+00 2.167956335800000023e+00
4.555000000000000604e+00 2.167246225000000415e+00
4.556350000000000122e+00 2.166530755950000220e+00
4.557700000000000529e+00 2.165828155400000288e+00
4.559050000000000047e+00 2.165129317399999920e+00
4.560410000000000075e+00 2.164438992150000018e+00
4.561760000000000481e+00 2.165522213120000483e+00
4.563109999999999999e+00 2.165387345620000126e+00
4.564460000000000406e+00 2.164690590540000237e+00
4.565809999999999924e+00 2.163997610170000030e+00
4.567160000000000331e+00 2.163308408559999840e+00
4.568509999999999849e+00 2.162609284229999762e+00
4.569860000000000255e+00 2.161936787960000217e+00
4.571220000000000283e+00 2.161784792640000230e+00
4.572569999999999801e+00 2.163022230509999755e+00
4.573920000000000208e+00 2.162325253920000190e+00
4.575269999999999726e+00 2.161641214739999928e+00
4.576620000000000132e+00 2.160960971879999803e+00
4.577969999999999651e+00 2.160275373449999758e+00
4.579320000000000057e+00 2.159593574040000075e+00
4.580669999999999575e+00 2.158906416359999803e+00
4.582030000000000491e+00 2.158241516690000417e+00
4.583380000000000898e+00 2.157561967680000414e+00
4.584730000000000416e+00 2.156877059040000155e+00
4.586080000000000823e+00 2.156182200640000435e+00
4.587430000000000341e+00 2.155477384380000139e+00
4.588780000000000747e+00 2.154767190940000354e+00
4.590130000000000265e+00 2.154024075490000190e+00
4.591480000000000672e+00 2.153243418200000203e+00
4.592840000000000700e+00 2.152457430200000132e+00
4.594190000000000218e+00 2.151665915550000197e+00
4.595540000000000624e+00 2.150855181740000344e+00
4.596890000000000143e+00 2.150025212570000122e+00
4.598240000000000549e+00 2.149180590080000286e+00
4.599590000000000067e+00 2.148330501299999806e+00
4.600940000000000474e+00 2.147470341240000025e+00
4.602289999999999992e+00 2.146577090350000105e+00
4.603650000000000020e+00 2.145673795650000049e+00
4.605000000000000426e+00 2.144746515000000464e+00
4.606349999999999945e+00 2.143795289999999909e+00
4.607700000000000351e+00 2.142810885000000276e+00
4.609049999999999869e+00 2.141788662599999782e+00
4.610400000000000276e+00 2.140834629600000039e+00
4.611749999999999794e+00 2.140077975749999695e+00
4.613100000000000200e+00 2.139283607100000317e+00
4.614460000000000228e+00 2.138451511039999975e+00
4.615809999999999746e+00 2.137590842619999876e+00
4.617160000000000153e+00 2.136710836160000238e+00
4.618509999999999671e+00 2.135806856949999943e+00
4.619860000000000078e+00 2.134878884739999982e+00
4.621210000000000484e+00 2.133612657000000024e+00
4.622560000000000002e+00 2.132294476800000282e+00
4.623910000000000409e+00 2.130952043050000189e+00
4.625269999999999548e+00 2.129576063939999653e+00
4.626619999999999955e+00 2.128161920839999777e+00
4.627970000000000361e+00 2.126718821919999947e+00
4.629319999999999879e+00 2.125256001519999938e+00
4.630670000000000286e+00 2.123764182099999953e+00
4.632019999999999804e+00 2.122247971379999765e+00
4.633370000000000211e+00 2.120693449000000008e+00
4.634719999999999729e+00 2.119128390879999824e+00
4.636080000000000645e+00 2.117543448240000181e+00
4.637430000000000163e+00 2.115920186100000322e+00
4.638780000000000570e+00 2.114272425960000312e+00
4.640130000000000088e+00 2.112609427829999831e+00
4.641480000000000494e+00 2.110945104000000239e+00
4.642830000000000901e+00 2.109260883150000598e+00
4.644180000000000419e+00 2.107556749080000014e+00
4.645530000000000825e+00 2.105837331120000488e+00
4.646880000000000344e+00 2.104111910880000380e+00
4.648240000000000371e+00 2.102389655520000122e+00
4.649590000000000778e+00 2.100638266100000262e+00
4.650940000000000296e+00 2.098866901320000089e+00
4.652290000000000703e+00 2.099373776240000211e+00
4.653640000000000221e+00 2.097577039960000000e+00
4.654990000000000627e+00 2.095774252790000070e+00
4.656340000000000146e+00 2.093956098000000043e+00
4.657690000000000552e+00 2.092150509580000151e+00
4.659050000000000580e+00 2.090357327300000456e+00
4.660400000000000098e+00 2.088581562000000336e+00
4.661750000000000504e+00 2.086827725750000528e+00
4.663100000000000023e+00 2.085086512599999775e+00
4.664450000000000429e+00 2.083376592500000068e+00
4.665799999999999947e+00 2.081683996399999792e+00
4.667150000000000354e+00 2.080013407650000090e+00
4.668499999999999872e+00 2.078350841000000226e+00
4.669859999999999900e+00 2.076724100879999924e+00
4.671210000000000306e+00 2.075133659190000035e+00
4.672559999999999825e+00 2.073569986559999911e+00
4.673910000000000231e+00 2.072033107290000231e+00
4.675259999999999749e+00 2.070509019899999803e+00
4.676610000000000156e+00 2.069030472810000187e+00
4.677959999999999674e+00 2.067583472639999975e+00
4.679310000000000080e+00 2.066149330500000048e+00
4.680670000000000108e+00 2.064727789059999985e+00
4.682019999999999627e+00 2.063314711779999922e+00
4.683370000000000033e+00 2.061947309899999858e+00
4.684719999999999551e+00 2.060611569759999817e+00
4.686069999999999958e+00 2.059312205779999960e+00
4.687420000000000364e+00 2.058049250360000304e+00
4.688769999999999882e+00 2.056841490980000131e+00
4.690120000000000289e+00 2.055688976240000354e+00
4.691480000000000317e+00 2.054596134160000087e+00
4.692830000000000723e+00 2.053530786870000124e+00
4.694180000000000241e+00 2.052511428280000327e+00
4.695530000000000648e+00 2.051542794420000426e+00
4.696880000000000166e+00 2.050610839199999980e+00
4.698230000000000572e+00 2.052031822410000483e+00
4.699580000000000091e+00 2.051164588059999794e+00
4.700930000000000497e+00 2.050348226940000185e+00
4.702290000000000525e+00 2.049582440010000450e+00
4.703640000000000043e+00 2.048839733039999889e+00
4.704990000000000450e+00 2.048115081930000247e+00
4.706339999999999968e+00 2.047436740919999831e+00
4.707690000000000374e+00 2.046795335130000115e+00
4.709040000000000781e+00 2.046190896960000227e+00
4.710390000000000299e+00 2.045689404270000011e+00
4.711740000000000705e+00 2.045399316180000593e+00
4.713099999999999845e+00 2.045150769899999776e+00
4.714450000000000252e+00 2.044930403099999960e+00
4.715800000000000658e+00 2.044733153600000186e+00
4.717150000000000176e+00 2.044544890200000076e+00
4.718500000000000583e+00 2.044370339500000355e+00
4.719850000000000101e+00 2.044218953350000145e+00
4.721200000000000507e+00 2.043826364800000128e+00
4.722550000000000026e+00 2.043404882049999927e+00
4.723910000000000053e+00 2.042987148980000001e+00
4.725260000000000460e+00 2.042578689680000004e+00
4.726609999999999978e+00 2.042183843209999683e+00
4.727960000000000385e+00 2.041778981920000291e+00
4.729309999999999903e+00 2.041373556329999950e+00
4.730660000000000309e+00 2.040962835780000262e+00
4.732009999999999827e+00 2.040570476270000100e+00
4.733360000000000234e+00 2.040177560560000103e+00
4.734709999999999752e+00 2.041360747079999705e+00
4.736069999999999780e+00 2.041577694899999962e+00
4.737420000000000186e+00 2.041145831520000176e+00
4.738769999999999705e+00 2.040713390340000100e+00
4.740120000000000111e+00 2.040266150999999972e+00
4.741469999999999629e+00 2.039808842819999857e+00
4.742820000000000036e+00 2.039327229239999983e+00
4.744169999999999554e+00 2.038830778349999928e+00
4.745519999999999960e+00 2.038324223520000089e+00
4.746880000000000877e+00 2.037788115200000583e+00
4.748230000000000395e+00 2.037209088580000049e+00
4.749580000000000801e+00 2.036610404840000221e+00
4.750930000000000319e+00 2.035992047780000203e+00
4.752280000000000726e+00 2.035354001200000429e+00
4.753630000000000244e+00 2.034686741640000296e+00
4.754980000000000651e+00 2.033980734840000526e+00
4.756330000000000169e+00 2.033269242710000313e+00
4.757690000000000197e+00 2.032547017970000258e+00
4.759040000000000603e+00 2.031800742400000193e+00
4.760390000000000121e+00 2.031025153889999935e+00
4.761740000000000528e+00 2.030244036840000543e+00
4.763090000000000046e+00 2.029371651579999991e+00
4.764440000000000452e+00 2.028465094440000005e+00
4.765789999999999971e+00 2.027533868649999960e+00
4.767140000000000377e+00 2.026568419680000233e+00
4.768500000000000405e+00 2.025587272500000147e+00
4.769849999999999923e+00 2.024591451600000092e+00
4.771200000000000330e+00 2.023575657600000355e+00
4.772549999999999848e+00 2.022535101749999953e+00
4.773900000000000254e+00 2.021469763799999875e+00
4.775250000000000661e+00 2.020403499750000442e+00
4.776600000000000179e+00 2.019336309600000323e+00
4.777950000000000585e+00 2.018258637450000226e+00
4.779309999999999725e+00 2.017174695839999643e+00
4.780660000000000132e+00 2.016056909260000030e+00
4.782009999999999650e+00 2.014933387569999734e+00
4.783360000000000056e+00 2.013823260160000128e+00
4.784710000000000463e+00 2.012702615630000302e+00
4.786059999999999981e+00 2.011585804060000093e+00
4.787410000000000387e+00 2.010468042090000296e+00
4.788759999999999906e+00 2.009373273520000058e+00
4.790119999999999933e+00 2.008296130960000259e+00
4.791470000000000340e+00 2.007223446520000287e+00
4.792819999999999858e+00 2.006154631499999841e+00
4.794170000000000265e+00 2.005094484120000242e+00
4.795519999999999783e+00 2.004062194559999899e+00
4.796870000000000189e+00 2.003043396510000296e+00
4.798219999999999708e+00 2.002023707459999802e+00
4.799570000000000114e+00 2.001012726549999954e+00
4.800930000000000142e+00 2.000043433350000122e+00
4.802280000000000548e+00 1.999107525240000349e+00
4.803630000000000955e+00 1.998180381990000365e+00
4.804980000000000473e+00 1.997252401740000183e+00
4.806330000000000879e+00 1.996347616140000447e+00
4.807680000000000398e+00 1.995466045440000169e+00
4.809030000000000804e+00 1.996795818540000322e+00
4.810380000000000322e+00 1.995946921500000082e+00
4.811740000000000350e+00 1.995077320980000346e+00
4.813090000000000757e+00 1.994222018970000398e+00
4.814440000000000275e+00 1.993394809800000056e+00
4.815790000000000681e+00 1.992586086190000216e+00
4.817140000000000200e+00 1.991776595779999992e+00
4.818490000000000606e+00 1.990956701590000044e+00
4.819840000000000124e+00 1.990155314560000166e+00
4.821190000000000531e+00 1.989396556840000274e+00
4.822550000000000558e+00 1.988646008200000370e+00
4.823900000000000077e+00 1.987876127100000057e+00
4.825250000000000483e+00 1.987091027750000016e+00
4.826600000000000001e+00 1.986310004400000162e+00
4.827950000000000408e+00 1.985533061100000163e+00
4.829299999999999926e+00 1.984740884699999874e+00
4.830650000000000333e+00 1.983914140450000030e+00
4.831999999999999851e+00 1.983057631999999959e+00
4.833350000000000257e+00 1.982195501799999926e+00
4.834710000000000285e+00 1.981336678649999961e+00
4.836059999999999803e+00 1.980439110899999910e+00
4.837410000000000210e+00 1.979502033870000011e+00
4.838759999999999728e+00 1.978525415159999801e+00
4.840110000000000134e+00 1.977523742700000087e+00
4.841459999999999653e+00 1.976477630399999796e+00
4.842810000000000059e+00 1.975377356190000100e+00
4.844160000000000466e+00 1.974213187200000164e+00
4.845519999999999605e+00 1.972998833599999724e+00
4.846870000000000012e+00 1.971735797220000030e+00
4.848219999999999530e+00 1.970418420619999722e+00
4.849569999999999936e+00 1.969032110539999936e+00
4.850920000000000343e+00 1.967605915800000105e+00
4.852269999999999861e+00 1.966139803999999991e+00
4.853620000000000267e+00 1.964624035500000199e+00
4.854969999999999786e+00 1.963053714830000018e+00
4.856330000000000702e+00 1.961403698380000504e+00
4.857680000000000220e+00 1.959680407920000311e+00
4.859030000000000626e+00 1.957892689170000144e+00
4.860380000000000145e+00 1.956050210239999920e+00
4.861730000000000551e+00 1.954138341390000200e+00
4.863080000000000958e+00 1.952142436680000204e+00
4.864430000000000476e+00 1.950077020550000206e+00
4.865780000000000882e+00 1.947942036300000401e+00
4.867140000000000022e+00 1.945751159219999860e+00
4.868490000000000428e+00 1.943486602530000384e+00
4.869839999999999947e+00 1.941142573199999832e+00
4.871190000000000353e+00 1.938699521670000037e+00
4.872540000000000759e+00 1.936201219800000262e+00
4.873890000000000278e+00 1.933657370819999999e+00
4.875240000000000684e+00 1.931048437320000088e+00
4.876590000000000202e+00 1.929632526870000087e+00
4.877950000000000230e+00 1.927765840000000175e+00
4.879300000000000637e+00 1.924234903100000338e+00
4.880650000000000155e+00 1.920652910600000096e+00
4.882000000000000561e+00 1.917044232000000292e+00
4.883350000000000080e+00 1.913399080349999837e+00
4.884700000000000486e+00 1.909717427300000159e+00
4.886050000000000004e+00 1.906033446850000201e+00
4.887400000000000411e+00 1.902332476800000283e+00
4.888760000000000439e+00 1.898618388640000099e+00
4.890109999999999957e+00 1.894868723899999940e+00
4.891460000000000363e+00 1.891106916440000285e+00
4.892809999999999881e+00 1.887347636589999933e+00
4.894160000000000288e+00 1.883595782560000043e+00
4.895509999999999806e+00 1.879831780409999986e+00
4.896860000000000213e+00 1.876060518899999918e+00
4.898209999999999731e+00 1.872291790400000044e+00
4.899569999999999759e+00 1.868553910469999968e+00
4.900920000000000165e+00 1.864824564599999901e+00
4.902269999999999683e+00 1.861097782799999711e+00
4.903620000000000090e+00 1.857378472740000008e+00
4.904969999999999608e+00 1.853686262399999674e+00
4.906320000000000014e+00 1.850021176080000052e+00
4.907669999999999533e+00 1.846378330409999657e+00
4.909019999999999939e+00 1.842743018580000003e+00
4.910380000000000855e+00 1.839114083680000178e+00
4.911730000000000373e+00 1.835498765810000155e+00
4.913080000000000780e+00 1.831900834960000335e+00
4.914430000000000298e+00 1.828305564040000331e+00
4.915780000000000705e+00 1.824683462420000124e+00
4.917130000000000223e+00 1.821039426980000098e+00
4.918480000000000629e+00 1.817363604560000345e+00
4.919830000000000148e+00 1.813670730350000149e+00
4.921180000000000554e+00 1.809911580400000108e+00
4.922540000000000582e+00 1.806079926000000224e+00
4.923890000000000100e+00 1.802163435560000027e+00
4.925240000000000506e+00 1.798165722080000251e+00
4.926590000000000025e+00 1.794086720759999976e+00
4.927940000000000431e+00 1.789886943279999976e+00
4.929289999999999949e+00 1.785556433860000070e+00
4.930640000000000356e+00 1.781065503360000024e+00
4.931990000000000762e+00 1.776414022180000218e+00
4.933349999999999902e+00 1.771610385150000022e+00
4.934700000000000308e+00 1.766588057100000109e+00
4.936049999999999827e+00 1.761350465699999868e+00
4.937400000000000233e+00 1.755838188000000022e+00
4.938750000000000639e+00 1.750070756250000192e+00
4.940100000000000158e+00 1.744023263400000134e+00
4.941450000000000564e+00 1.738525646250000278e+00
4.942800000000000082e+00 1.732861652400000008e+00
4.944160000000000110e+00 1.725773880480000022e+00
4.945510000000000517e+00 1.718332286030000322e+00
4.946860000000000035e+00 1.710470835339999995e+00
4.948210000000000441e+00 1.702218877470000225e+00
4.949559999999999960e+00 1.693511752240000057e+00
4.950910000000000366e+00 1.684344140190000116e+00
4.952259999999999884e+00 1.674740430019999948e+00
4.953610000000000291e+00 1.664635872450000109e+00
4.954970000000000319e+00 1.654092860250000019e+00
4.956319999999999837e+00 1.642990342080000055e+00
4.957670000000000243e+00 1.631405593890000061e+00
4.959019999999999762e+00 1.619293595700000088e+00
4.960370000000000168e+00 1.606678724110000012e+00
4.961719999999999686e+00 1.593570497559999799e+00
4.963070000000000093e+00 1.579899036169999826e+00
4.964419999999999611e+00 1.565753245899999868e+00
4.965780000000000527e+00 1.551056417220000094e+00
4.967130000000000933e+00 1.535901168690000373e+00
4.968480000000000452e+00 1.520240604960000130e+00
4.969830000000000858e+00 1.504099170180000389e+00
4.971180000000000376e+00 1.487521220220000329e+00
4.972530000000000783e+00 1.470466626540000155e+00
4.973880000000000301e+00 1.453039459920000054e+00
4.975230000000000707e+00 1.435139920110000356e+00
4.976590000000000735e+00 1.416889915490000096e+00
4.977940000000000254e+00 1.398228676900000078e+00
4.979290000000000660e+00 1.379228474970000118e+00
4.980640000000000178e+00 1.359913945600000007e+00
4.981990000000000585e+00 1.340279859750000302e+00
4.983340000000000103e+00 1.320395733079999800e+00
4.984690000000000509e+00 1.300201554910000112e+00
4.986040000000000028e+00 1.279836691360000112e+00
4.987400000000000055e+00 1.259243689000000055e+00
4.988750000000000462e+00 1.238507075000000235e+00
4.990099999999999980e+00 1.217614340599999956e+00
4.991450000000000387e+00 1.196590325600000115e+00
4.992799999999999905e+00 1.175489853600000023e+00
4.994150000000000311e+00 1.154297889500000007e+00
4.995499999999999829e+00 1.133109283000000023e+00
4.996850000000000236e+00 1.111859087200000040e+00
4.998210000000000264e+00 1.090634413050000084e+00
4.999559999999999782e+00 1.069410883560000025e+00
5.000910000000000188e+00 1.048350765120000139e+00
5.002259999999999707e+00 1.027409179139999962e+00
5.003610000000000113e+00 1.006531191210000120e+00
5.004960000000000520e+00 9.857569017600000816e-01
5.006310000000000038e+00 9.650613723900000052e-01
5.007660000000000444e+00 9.445298062200001565e-01
5.009009999999999962e+00 9.251290839299999291e-01
5.010369999999999990e+00 9.048778323700000792e-01
5.011719999999999509e+00 8.847790722399999641e-01
5.013069999999999915e+00 8.648598494700000527e-01
5.014420000000000321e+00 8.451403756399999967e-01
5.015769999999999840e+00 8.256107893099999817e-01
5.017120000000000246e+00 8.063063723200000199e-01
5.018469999999999764e+00 7.871972041999999448e-01
5.019820000000000171e+00 7.683286293800000166e-01
5.021180000000000199e+00 7.496822587199999388e-01
5.022530000000000605e+00 7.312753454700001710e-01
5.023880000000000123e+00 7.131096227200000026e-01
5.025230000000000530e+00 6.951752425099999577e-01
5.026580000000000936e+00 6.774824524000001569e-01
5.027930000000000454e+00 6.600213990300000111e-01
5.029280000000000861e+00 6.428123939200001136e-01
5.030630000000000379e+00 6.258254638900000444e-01
5.031990000000000407e+00 6.090921975599999927e-01
5.033340000000000813e+00 5.925650515200000523e-01
5.034690000000000332e+00 5.762706174000000736e-01
5.036040000000000738e+00 5.602040535600001370e-01
5.037390000000000256e+00 5.443705877400000226e-01
5.038740000000000663e+00 5.287603368600001241e-01
5.040090000000000181e+00 5.133583669500000335e-01
5.041440000000000587e+00 4.981951008000000680e-01
5.042800000000000615e+00 4.832358913200001105e-01
5.044150000000000134e+00 4.685238550899999965e-01
5.045500000000000540e+00 4.540132629000000475e-01
5.046850000000000058e+00 4.397345639249999882e-01
5.048200000000000465e+00 4.256642240000000910e-01
5.049549999999999983e+00 4.118180700699999863e-01
5.050900000000000389e+00 3.981947727600000375e-01
5.052249999999999908e+00 3.847854226999999905e-01
5.053609999999999935e+00 3.716060934079999933e-01
5.054960000000000342e+00 3.586271701759999875e-01
5.056309999999999860e+00 3.458930657420000165e-01
5.057660000000000267e+00 3.333650378140000092e-01
5.059009999999999785e+00 3.210852466799999916e-01
5.060360000000000191e+00 3.090159437600000225e-01
5.061709999999999710e+00 2.971856483750000000e-01
5.063060000000000116e+00 2.855889875840000314e-01
5.064420000000000144e+00 2.743158286260000134e-01
5.065769999999999662e+00 2.632837707869999933e-01
5.067120000000000068e+00 2.524849620719999965e-01
5.068469999999999587e+00 2.419439222969999859e-01
5.069819999999999993e+00 2.316395688179999912e-01
5.071169999999999511e+00 2.216126645850000076e-01
5.072519999999999918e+00 2.118375657360000164e-01
5.073870000000000324e+00 2.023449208260000021e-01
5.075230000000000352e+00 1.931140240690000232e-01
5.076580000000000759e+00 1.841625850020000288e-01
5.077930000000000277e+00 1.756638792480000322e-01
5.079280000000000683e+00 1.672723727440000030e-01
5.080630000000000202e+00 1.591502266870000182e-01
5.081980000000000608e+00 1.513037577480000062e-01
5.083330000000000126e+00 1.437428474090000075e-01
5.084680000000000533e+00 1.364529809480000133e-01
5.086040000000000560e+00 1.294509072880000167e-01
5.087390000000000079e+00 1.227190390579999957e-01
5.088740000000000485e+00 1.162670226460000150e-01
5.090090000000000003e+00 1.100808313849999942e-01
5.091440000000000410e+00 1.041652618159999988e-01
5.092790000000000816e+00 9.851136480700002640e-02
5.094140000000000335e+00 9.311629447400000814e-02
5.095490000000000741e+00 8.797465394800002558e-02
5.096840000000000259e+00 8.307747263200000731e-02
5.098200000000000287e+00 7.842000258000000890e-02
5.099549999999999805e+00 7.399243067999999868e-02
