1.277400000000000091e+01 1.277400000000000150e-03
1.278000000000000114e+01 1.278000000000000273e-03
1.278600000000000136e+01 1.278600000000000179e-03
1.279100000000000037e+01 1.279100000000000029e-03
1.279700000000000060e+01 1.279700000000000152e-03
1.280300000000000082e+01 2.560600000000000116e-03
1.280900000000000105e+01 2.561800000000000362e-03
1.281500000000000128e+01 2.563000000000000174e-03
1.282000000000000028e+01 2.564000000000000307e-03
1.282600000000000051e+01 2.565200000000000119e-03
1.283200000000000074e+01 2.566400000000000365e-03
1.283800000000000097e+01 3.851400000000000049e-03
1.284400000000000119e+01 3.853200000000000201e-03
1.284900000000000020e+01 3.854699999999999533e-03
1.285500000000000043e+01 3.856499999999999685e-03
1.286100000000000065e+01 3.858299999999999837e-03
1.286700000000000088e+01 3.860099999999999990e-03
1.287300000000000111e+01 3.861900000000000142e-03
1.287800000000000011e+01 5.151199999999999876e-03
1.288400000000000034e+01 5.153600000000000368e-03
1.289000000000000057e+01 5.156000000000000860e-03
1.289600000000000080e+01 5.158400000000000485e-03
1.290200000000000102e+01 6.451000000000001004e-03
1.290700000000000003e+01 6.453500000000000035e-03
1.291300000000000026e+01 6.456500000000000433e-03
1.291900000000000048e+01 7.751399999999999436e-03
1.292500000000000071e+01 7.754999999999999741e-03
1.293100000000000094e+01 9.051700000000001065e-03
1.293599999999999994e+01 9.055199999999999361e-03
1.294200000000000017e+01 9.059400000000000439e-03
1.294800000000000040e+01 1.035840000000000025e-02
1.295400000000000063e+01 1.036320000000000123e-02
1.296000000000000085e+01 1.166400000000000076e-02
1.296499999999999986e+01 1.166850000000000005e-02
1.297100000000000009e+01 1.297099999999999989e-02
1.297700000000000031e+01 1.297700000000000069e-02
1.298300000000000054e+01 1.428130000000000198e-02
1.298900000000000077e+01 1.428790000000000095e-02
1.299399999999999977e+01 1.559279999999999868e-02
1.300000000000000000e+01 1.559999999999999928e-02
1.300600000000000023e+01 1.690780000000000061e-02
1.301200000000000045e+01 1.821680000000000174e-02
1.301800000000000068e+01 1.952700000000000269e-02
1.302300000000000146e+01 1.953450000000000325e-02
1.302899999999999991e+01 2.084640000000000104e-02
1.303500000000000014e+01 2.215949999999999864e-02
1.304100000000000037e+01 2.347379999999999953e-02
1.304700000000000060e+01 2.478930000000000022e-02
1.305200000000000138e+01 2.610400000000000220e-02
1.305799999999999983e+01 2.742179999999999965e-02
1.306400000000000006e+01 3.004719999999999960e-02
1.307000000000000028e+01 3.136800000000000005e-02
1.307600000000000051e+01 3.269000000000000378e-02
1.308100000000000129e+01 3.401060000000000194e-02
1.308699999999999974e+01 3.664359999999999840e-02
1.309299999999999997e+01 3.796969999999999512e-02
1.309900000000000020e+01 4.060690000000000133e-02
1.310500000000000043e+01 4.193600000000000105e-02
1.311000000000000121e+01 4.457400000000000251e-02
1.311600000000000144e+01 4.721760000000000540e-02
1.312199999999999989e+01 4.986360000000000098e-02
1.312800000000000011e+01 5.251200000000000312e-02
1.313400000000000034e+01 5.516279999999999795e-02
1.313900000000000112e+01 5.781160000000001159e-02
1.314500000000000135e+01 6.178150000000001002e-02
1.315099999999999980e+01 6.575499999999999401e-02
1.315700000000000003e+01 6.973210000000000519e-02
1.316300000000000026e+01 7.371279999999999499e-02
1.316800000000000104e+01 7.769120000000000192e-02
1.317400000000000126e+01 8.167880000000000973e-02
1.318000000000000149e+01 8.698800000000000976e-02
1.318599999999999994e+01 9.230199999999999516e-02
1.319200000000000017e+01 9.762080000000000757e-02
1.319700000000000095e+01 1.029366000000000031e-01
1.320300000000000118e+01 1.095849000000000129e-01
1.320900000000000141e+01 1.162392000000000147e-01
1.321499999999999986e+01 1.228994999999999949e-01
1.322100000000000009e+01 1.308879000000000015e-01
1.322600000000000087e+01 1.388730000000000242e-01
1.323200000000000109e+01 1.481984000000000079e-01
1.323800000000000132e+01 1.562084000000000250e-01
1.324399999999999977e+01 1.668744000000000061e-01
1.325000000000000000e+01 1.775500000000000134e-01
1.325500000000000078e+01 1.882210000000000272e-01
1.326100000000000101e+01 2.002411000000000330e-01
1.326700000000000124e+01 2.149254000000000164e-01
1.327300000000000146e+01 2.282956000000000152e-01
1.327899999999999991e+01 2.430056999999999912e-01
1.328400000000000070e+01 2.590379999999999905e-01
1.329000000000000092e+01 2.764320000000000110e-01
1.329600000000000115e+01 2.938416000000000361e-01
1.330200000000000138e+01 3.125970000000000137e-01
1.330799999999999983e+01 3.340308000000000166e-01
1.331300000000000061e+01 3.567884000000000055e-01
1.331900000000000084e+01 3.782596000000000291e-01
1.332500000000000107e+01 4.037475000000000369e-01
1.333100000000000129e+01 4.305913000000000657e-01
1.333700000000000152e+01 4.574591000000000074e-01
1.334200000000000053e+01 4.869829999999999992e-01
1.334800000000000075e+01 5.205720000000000347e-01
1.335400000000000098e+01 5.528556000000000026e-01
1.336000000000000121e+01 5.865040000000000253e-01
1.336600000000000144e+01 6.255288000000001070e-01
1.337100000000000044e+01 6.658758000000000177e-01
1.337700000000000067e+01 7.063055999999999779e-01
1.338300000000000090e+01 7.507863000000000175e-01
1.338900000000000112e+01 7.979844000000000381e-01
1.339500000000000135e+01 8.465640000000002052e-01
1.340000000000000036e+01 8.951200000000000268e-01
1.340600000000000058e+01 9.518259999999999499e-01
1.341200000000000081e+01 1.008582400000000101e+00
1.341800000000000104e+01 1.065389200000000036e+00
1.342400000000000126e+01 1.126273600000000208e+00
1.342900000000000027e+01 1.192495199999999977e+00
1.343500000000000050e+01 1.257516000000000078e+00
1.344100000000000072e+01 1.323938500000000129e+00
1.344700000000000095e+01 1.397143300000000199e+00
1.345300000000000118e+01 1.469067600000000251e+00
1.345800000000000018e+01 1.542286799999999847e+00
1.346400000000000041e+01 1.619719200000000026e+00
1.347000000000000064e+01 1.698566999999999938e+00
1.347600000000000087e+01 1.777484400000000075e+00
1.348200000000000109e+01 1.856471399999999994e+00
1.348700000000000010e+01 1.939430600000000116e+00
1.349300000000000033e+01 2.021251399999999698e+00
1.349900000000000055e+01 2.104494100000000145e+00
1.350500000000000078e+01 2.189160499999999843e+00
1.351100000000000101e+01 2.275252400000000286e+00
1.351600000000000001e+01 2.362596799999999941e+00
1.352200000000000024e+01 2.447481999999999935e+00
1.352800000000000047e+01 2.532441600000000292e+00
1.353400000000000070e+01 2.617475600000000124e+00
1.354000000000000092e+01 2.702584000000000319e+00
1.354499999999999993e+01 2.782143000000000033e+00
1.355100000000000016e+01 2.860616100000000106e+00
1.355700000000000038e+01 2.940513300000000108e+00
1.356300000000000061e+01 3.016411199999999848e+00
1.356900000000000084e+01 3.088304400000000172e+00
1.357399999999999984e+01 3.161384599999999878e+00
1.358000000000000007e+01 3.233398000000000216e+00
1.358600000000000030e+01 3.295963600000000326e+00
1.359200000000000053e+01 3.358583199999999991e+00
1.359800000000000075e+01 3.421256800000000098e+00
1.360300000000000153e+01 3.478287100000000187e+00
1.360899999999999999e+01 3.531535499999999939e+00
1.361500000000000021e+01 3.584829499999999669e+00
1.362100000000000044e+01 3.638169100000000267e+00
1.362700000000000067e+01 3.680652700000000443e+00
1.363200000000000145e+01 3.724262400000000195e+00
1.363799999999999990e+01 3.769543199999999761e+00
1.364400000000000013e+01 3.806676000000000393e+00
1.365000000000000036e+01 3.842474999999999863e+00
1.365600000000000058e+01 3.876938399999999785e+00
1.366100000000000136e+01 3.911144300000000573e+00
1.366699999999999982e+01 3.938829399999999925e+00
1.367300000000000004e+01 3.966537300000000155e+00
1.367900000000000027e+01 3.994267999999999930e+00
1.368500000000000050e+01 4.017916000000000487e+00
1.369000000000000128e+01 4.039919000000000260e+00
1.369600000000000151e+01 4.062233599999999889e+00
1.370199999999999996e+01 4.081825799999999838e+00
1.370800000000000018e+01 4.098691999999999780e+00
1.371400000000000041e+01 4.115571399999999436e+00
1.371900000000000119e+01 4.133534700000000228e+00
1.372500000000000142e+01 4.146322500000000133e+00
1.373099999999999987e+01 4.160492999999999775e+00
1.373700000000000010e+01 4.173300600000000138e+00
1.374300000000000033e+01 4.186117799999999889e+00
1.374800000000000111e+01 4.197264400000000784e+00
1.375400000000000134e+01 4.207348600000000438e+00
1.375999999999999979e+01 4.218815999999999455e+00
1.376600000000000001e+01 4.227538599999999924e+00
1.377200000000000024e+01 4.236267199999999455e+00
1.377700000000000102e+01 4.246071399999999940e+00
1.378300000000000125e+01 4.254812099999999653e+00
1.378900000000000148e+01 4.262179900000000465e+00
1.379499999999999993e+01 4.269552499999999640e+00
1.380100000000000016e+01 4.278310000000000279e+00
1.380600000000000094e+01 4.285382400000000480e+00
1.381200000000000117e+01 4.292769600000000629e+00
1.381800000000000139e+01 4.298779800000000151e+00
1.382399999999999984e+01 4.306175999999999782e+00
1.383000000000000007e+01 4.312194000000000749e+00
1.383500000000000085e+01 4.319287000000000099e+00
1.384100000000000108e+01 4.325312500000000782e+00
1.384700000000000131e+01 4.331341600000000902e+00
1.385300000000000153e+01 4.337374300000000460e+00
1.385899999999999999e+01 4.343410600000000343e+00
1.386400000000000077e+01 4.349136800000000136e+00
1.387000000000000099e+01 4.353793000000000468e+00
1.387600000000000122e+01 4.359839199999999693e+00
1.388200000000000145e+01 4.365889000000000131e+00
1.388799999999999990e+01 4.371942400000000006e+00
1.389300000000000068e+01 4.377684300000000306e+00
1.389900000000000091e+01 4.383744600000000879e+00
1.390500000000000114e+01 4.391199000000000296e+00
1.391100000000000136e+01 4.397267100000000539e+00
1.391699999999999982e+01 4.403338800000000219e+00
1.392200000000000060e+01 4.410489600000000898e+00
1.392800000000000082e+01 4.417961599999999933e+00
1.393400000000000105e+01 4.424045000000000449e+00
1.394000000000000128e+01 4.431526000000000742e+00
1.394600000000000151e+01 4.439011800000001173e+00
1.395100000000000051e+01 4.446183699999999739e+00
1.395700000000000074e+01 4.452283000000000435e+00
1.396300000000000097e+01 4.459782200000000252e+00
1.396900000000000119e+01 4.467286200000000207e+00
1.397500000000000142e+01 4.474795000000000300e+00
1.398000000000000043e+01 4.480590000000000295e+00
1.398600000000000065e+01 4.488107400000000524e+00
1.399200000000000088e+01 4.495629600000000003e+00
1.399800000000000111e+01 4.501756799999999892e+00
1.400400000000000134e+01 4.510688400000000264e+00
1.400900000000000034e+01 4.519303400000000082e+00
1.401500000000000057e+01 4.528246499999999841e+00
1.402100000000000080e+01 4.537195600000000439e+00
1.402700000000000102e+01 4.546150700000000100e+00
1.403300000000000125e+01 4.555111800000000599e+00
1.403800000000000026e+01 4.563753799999999750e+00
1.404400000000000048e+01 4.572726400000000524e+00
1.405000000000000071e+01 4.581705000000000361e+00
1.405600000000000094e+01 4.592095200000000155e+00
1.406200000000000117e+01 4.601086400000000687e+00
1.406700000000000017e+01 4.609755899999999684e+00
1.407300000000000040e+01 4.618758599999999603e+00
1.407900000000000063e+01 4.629175199999999712e+00
1.408500000000000085e+01 4.638190500000000327e+00
1.409100000000000108e+01 4.647211800000000004e+00
1.409600000000000009e+01 4.655908799999999736e+00
1.410200000000000031e+01 4.664941599999999688e+00
1.410800000000000054e+01 4.673980399999999591e+00
1.411400000000000077e+01 4.684436599999999729e+00
1.412000000000000099e+01 4.693488000000000326e+00
1.412500000000000000e+01 4.702212499999999906e+00
1.413100000000000023e+01 4.711275399999999891e+00
1.413700000000000045e+01 4.720344299999999826e+00
1.414300000000000068e+01 4.729419199999999712e+00
1.414900000000000091e+01 4.738500099999999549e+00
1.415399999999999991e+01 4.747251599999999350e+00
1.416000000000000014e+01 4.756343999999999461e+00
1.416600000000000037e+01 4.765442399999999523e+00
1.417200000000000060e+01 4.774546799999999536e+00
1.417800000000000082e+01 4.785075000000000855e+00
1.418299999999999983e+01 4.793854000000000504e+00
1.418900000000000006e+01 4.804395399999999761e+00
1.419500000000000028e+01 4.814944000000000557e+00
1.420100000000000051e+01 4.824079700000000415e+00
1.420700000000000074e+01 4.834642099999999942e+00
1.421200000000000152e+01 4.844870799999999811e+00
1.421799999999999997e+01 4.855447000000000735e+00
1.422400000000000020e+01 4.866030400000000533e+00
1.423000000000000043e+01 4.876621000000000095e+00
1.423600000000000065e+01 4.887218800000000307e+00
1.424100000000000144e+01 4.896055800000000069e+00
1.424699999999999989e+01 4.905242099999999716e+00
1.425300000000000011e+01 4.914434400000000203e+00
1.425900000000000034e+01 4.925058599999999842e+00
1.426500000000000057e+01 4.932837000000000138e+00
1.427000000000000135e+01 4.940274000000000498e+00
1.427599999999999980e+01 4.948061599999999949e+00
1.428200000000000003e+01 4.954425800000000102e+00
1.428800000000000026e+01 4.960793600000000581e+00
1.429400000000000048e+01 4.967164999999999608e+00
1.429900000000000126e+01 4.971762300000000856e+00
1.430500000000000149e+01 4.976709500000000119e+00
1.431099999999999994e+01 4.981659099999999896e+00
1.431700000000000017e+01 4.985179399999999816e+00
1.432300000000000040e+01 4.990133199999999825e+00
1.432800000000000118e+01 4.993307999999999858e+00
1.433400000000000141e+01 4.996832400000000618e+00
1.433999999999999986e+01 5.000358000000000303e+00
1.434600000000000009e+01 5.003884799999999800e+00
1.435200000000000031e+01 5.008847999999999523e+00
1.435700000000000109e+01 5.012028700000001002e+00
1.436300000000000132e+01 5.016995900000000397e+00
1.436900000000000155e+01 5.021965500000000304e+00
1.437500000000000000e+01 5.028374999999999595e+00
1.438100000000000023e+01 5.033349999999999547e+00
1.438600000000000101e+01 5.039415800000000445e+00
1.439200000000000124e+01 5.047274400000000938e+00
1.439800000000000146e+01 5.053697999999999801e+00
1.440399999999999991e+01 5.061565599999999776e+00
1.441000000000000014e+01 5.067997000000000085e+00
1.441500000000000092e+01 5.075521500000000685e+00
1.442100000000000115e+01 5.083402500000000046e+00
1.442700000000000138e+01 5.089845600000000303e+00
1.443299999999999983e+01 5.097735600000000034e+00
1.443900000000000006e+01 5.104186499999999960e+00
1.444400000000000084e+01 5.110287200000000141e+00
1.445000000000000107e+01 5.116745000000000765e+00
1.445600000000000129e+01 5.123206399999999938e+00
1.446200000000000152e+01 5.128225200000001038e+00
1.446799999999999997e+01 5.133246399999999987e+00
1.447300000000000075e+01 5.137915000000000454e+00
1.447900000000000098e+01 5.142940800000000756e+00
1.448500000000000121e+01 5.146520500000000276e+00
1.449100000000000144e+01 5.151550499999999921e+00
1.449699999999999989e+01 5.156582900000000080e+00
1.450200000000000067e+01 5.159811600000000276e+00
1.450800000000000090e+01 5.160495600000000849e+00
1.451400000000000112e+01 5.162629800000000380e+00
1.452000000000000135e+01 5.163312000000001234e+00
1.452600000000000158e+01 5.166898200000001218e+00
1.453100000000000058e+01 5.171582899999999761e+00
1.453700000000000081e+01 5.175171999999999883e+00
1.454300000000000104e+01 5.180216600000000504e+00
1.454900000000000126e+01 5.186718500000000454e+00
1.455500000000000149e+01 5.193224000000000729e+00
1.456000000000000050e+01 5.200832000000000122e+00
1.456600000000000072e+01 5.208801600000000143e+00
1.457200000000000095e+01 5.216776000000000302e+00
1.457800000000000118e+01 5.224755200000000599e+00
1.458400000000000141e+01 5.234197600000000783e+00
1.458900000000000041e+01 5.241827699999999979e+00
1.459500000000000064e+01 5.251281000000000532e+00
1.460100000000000087e+01 5.259280200000000960e+00
1.460700000000000109e+01 5.267284199999999750e+00
1.461300000000000132e+01 5.275293000000000454e+00
1.461800000000000033e+01 5.281483399999999939e+00
1.462400000000000055e+01 5.289500800000000780e+00
1.463000000000000078e+01 5.296059999999999768e+00
1.463600000000000101e+01 5.302622800000000858e+00
1.464200000000000124e+01 5.307725000000000470e+00
1.464700000000000024e+01 5.313931600000000088e+00
1.465300000000000047e+01 5.319039000000000073e+00
1.465900000000000070e+01 5.324148800000000570e+00
1.466500000000000092e+01 5.329261000000000692e+00
1.467100000000000115e+01 5.334375600000000439e+00
1.467600000000000016e+01 5.339128800000000119e+00
1.468200000000000038e+01 5.344248000000000332e+00
1.468800000000000061e+01 5.349369600000000169e+00
1.469400000000000084e+01 5.354493600000000519e+00
1.470000000000000107e+01 5.359620000000000495e+00
1.470500000000000007e+01 5.364384000000000263e+00
1.471100000000000030e+01 5.368043899999999979e+00
1.471700000000000053e+01 5.373176700000000139e+00
1.472300000000000075e+01 5.378311900000000811e+00
1.472900000000000098e+01 5.383449500000000221e+00
1.473399999999999999e+01 5.388223800000000452e+00
1.474000000000000021e+01 5.393366000000000327e+00
1.474600000000000044e+01 5.397035999999999945e+00
1.475200000000000067e+01 5.402182400000000939e+00
1.475800000000000090e+01 5.407331200000000671e+00
1.476299999999999990e+01 5.412115799999999588e+00
1.476900000000000013e+01 5.417269200000000673e+00
1.477500000000000036e+01 5.422424999999999606e+00
1.478100000000000058e+01 5.427583200000000829e+00
1.478700000000000081e+01 5.432743800000000789e+00
1.479200000000000159e+01 5.437539200000000683e+00
1.479800000000000004e+01 5.442704400000000220e+00
1.480400000000000027e+01 5.447872000000000270e+00
1.481000000000000050e+01 5.453042000000000833e+00
1.481600000000000072e+01 5.458214400000000133e+00
1.482100000000000151e+01 5.463020600000000115e+00
1.482699999999999996e+01 5.468197599999999881e+00
1.483300000000000018e+01 5.471893699999999860e+00
1.483900000000000041e+01 5.477074899999999857e+00
1.484500000000000064e+01 5.480774000000000257e+00
1.485000000000000142e+01 5.485590000000000188e+00
1.485599999999999987e+01 5.489291999999999838e+00
1.486200000000000010e+01 5.492995200000000189e+00
1.486800000000000033e+01 5.495212800000000009e+00
1.487400000000000055e+01 5.498917800000000078e+00
1.487900000000000134e+01 5.500766300000000442e+00
1.488500000000000156e+01 5.502984500000000168e+00
1.489100000000000001e+01 5.503713600000000206e+00
1.489700000000000024e+01 5.505931200000000025e+00
1.490300000000000047e+01 5.506658500000000345e+00
1.490800000000000125e+01 5.505524400000000540e+00
1.491400000000000148e+01 5.504757399999999912e+00
1.491999999999999993e+01 5.505479999999999485e+00
1.492600000000000016e+01 5.504708800000000402e+00
1.493200000000000038e+01 5.503935199999999917e+00
1.493700000000000117e+01 5.502790800000000537e+00
1.494300000000000139e+01 5.502012600000001363e+00
1.494899999999999984e+01 5.502726899999999866e+00
1.495500000000000007e+01 5.503440000000000332e+00
1.496100000000000030e+01 5.504151900000000097e+00
1.496600000000000108e+01 5.507488000000000383e+00
1.497200000000000131e+01 5.509696000000000815e+00
1.497800000000000153e+01 5.513401800000000463e+00
1.498399999999999999e+01 5.517108800000000812e+00
1.499000000000000021e+01 5.520817000000000085e+00
1.499500000000000099e+01 5.525657500000000333e+00
1.500100000000000122e+01 5.529368600000000633e+00
1.500700000000000145e+01 5.531580200000000502e+00
1.501299999999999990e+01 5.535293100000000521e+00
1.501900000000000013e+01 5.537505300000000297e+00
1.502400000000000091e+01 5.539348800000000850e+00
1.503000000000000114e+01 5.540058000000000149e+00
1.503600000000000136e+01 5.542269600000000018e+00
1.504200000000000159e+01 5.542977000000000487e+00
1.504800000000000004e+01 5.542178400000000060e+00
1.505300000000000082e+01 5.541009299999999804e+00
1.505900000000000105e+01 5.541712000000000415e+00
1.506500000000000128e+01 5.539400500000001060e+00
1.507100000000000151e+01 5.537085400000000490e+00
1.507699999999999996e+01 5.536274400000000817e+00
1.508200000000000074e+01 5.533585799999999999e+00
1.508800000000000097e+01 5.529752000000000223e+00
1.509400000000000119e+01 5.527422800000000969e+00
1.510000000000000142e+01 5.523580000000000823e+00
1.510599999999999987e+01 5.519732399999999650e+00
1.511100000000000065e+01 5.515514999999999723e+00
1.511700000000000088e+01 5.511658200000000285e+00
1.512300000000000111e+01 5.507796600000000709e+00
1.512900000000000134e+01 5.503930200000000994e+00
1.513500000000000156e+01 5.500059000000000253e+00
1.514000000000000057e+01 5.494305999999999912e+00
1.514600000000000080e+01 5.490425000000000111e+00
1.515200000000000102e+01 5.485024000000000122e+00
1.515800000000000125e+01 5.479617000000000182e+00
1.516400000000000148e+01 5.475720400000000154e+00
1.516900000000000048e+01 5.468424500000000243e+00
1.517500000000000071e+01 5.463000000000000078e+00
1.518100000000000094e+01 5.457569499999999962e+00
1.518700000000000117e+01 5.452132999999999896e+00
1.519300000000000139e+01 5.446690499999999879e+00
1.519800000000000040e+01 5.439364199999999983e+00
1.520400000000000063e+01 5.432389200000000251e+00
1.521000000000000085e+01 5.426928000000000196e+00
1.521600000000000108e+01 5.419939200000000845e+00
1.522200000000000131e+01 5.412943200000000843e+00
1.522700000000000031e+01 5.405584999999999418e+00
1.523300000000000054e+01 5.397051900000000124e+00
1.523900000000000077e+01 5.390034300000000833e+00
1.524500000000000099e+01 5.381484999999999630e+00
1.525100000000000122e+01 5.372927300000000628e+00
1.525600000000000023e+01 5.365535200000000060e+00
1.526200000000000045e+01 5.356962000000000224e+00
1.526800000000000068e+01 5.348380399999999923e+00
1.527400000000000091e+01 5.339790400000000936e+00
1.528000000000000114e+01 5.331192000000000597e+00
1.528500000000000014e+01 5.322237000000000329e+00
1.529100000000000037e+01 5.312093400000000187e+00
1.529700000000000060e+01 5.303469900000000514e+00
1.530300000000000082e+01 5.294837999999999489e+00
1.530900000000000105e+01 5.287728600000000334e+00
1.531400000000000006e+01 5.278735799999999756e+00
1.532000000000000028e+01 5.270080000000000098e+00
1.532600000000000051e+01 5.262948399999999971e+00
1.533200000000000074e+01 5.254276400000000180e+00
1.533800000000000097e+01 5.247129800000000621e+00
1.534299999999999997e+01 5.239634500000000195e+00
1.534900000000000020e+01 5.234009000000000356e+00
1.535500000000000043e+01 5.226841999999999544e+00
1.536100000000000065e+01 5.221203899999999898e+00
1.536700000000000088e+01 5.215559800000000301e+00
1.537199999999999989e+01 5.209570799999999835e+00
1.537800000000000011e+01 5.205453000000000330e+00
1.538400000000000034e+01 5.201330400000000687e+00
1.539000000000000057e+01 5.197203000000000017e+00
1.539600000000000080e+01 5.193070800000000098e+00
1.540100000000000158e+01 5.190137000000000889e+00
1.540700000000000003e+01 5.187536899999999562e+00
1.541300000000000026e+01 5.184933199999999687e+00
1.541900000000000048e+01 5.182325900000000374e+00
1.542500000000000071e+01 5.181257500000000071e+00
1.543000000000000149e+01 5.179851000000000205e+00
1.543599999999999994e+01 5.177234399999999681e+00
1.544200000000000017e+01 5.176158400000000270e+00
1.544800000000000040e+01 5.176624799999999915e+00
1.545400000000000063e+01 5.175544600000000273e+00
1.545900000000000141e+01 5.174127300000000318e+00
1.546499999999999986e+01 5.174589000000000105e+00
1.547100000000000009e+01 5.175049500000000080e+00
1.547700000000000031e+01 5.173961099999999647e+00
1.548300000000000054e+01 5.174418600000000090e+00
1.548800000000000132e+01 5.174540800000000829e+00
1.549400000000000155e+01 5.174996000000001040e+00
1.550000000000000000e+01 5.175449999999999662e+00
1.550600000000000023e+01 5.174352200000000401e+00
1.551200000000000045e+01 5.173252000000000628e+00
1.551700000000000124e+01 5.173367800000000294e+00
1.552300000000000146e+01 5.172263600000000849e+00
1.552899999999999991e+01 5.171157000000000004e+00
1.553500000000000014e+01 5.170047999999999533e+00
1.554100000000000037e+01 5.170490700000000217e+00
1.554600000000000115e+01 5.169045000000000556e+00
1.555200000000000138e+01 5.167929599999999901e+00
1.555800000000000161e+01 5.166811800000000510e+00
1.556400000000000006e+01 5.165691599999999717e+00
1.557000000000000028e+01 5.163012000000000157e+00
1.557500000000000107e+01 5.161554999999999893e+00
1.558100000000000129e+01 5.160427199999999992e+00
1.558700000000000152e+01 5.157738300000000997e+00
1.559299999999999997e+01 5.156605100000000164e+00
1.559900000000000020e+01 5.153909600000000424e+00
1.560400000000000098e+01 5.152440799999999932e+00
1.561000000000000121e+01 5.149739000000001177e+00
1.561600000000000144e+01 5.147033600000000320e+00
1.562199999999999989e+01 5.145886800000000427e+00
1.562800000000000011e+01 5.143174799999999713e+00
1.563300000000000090e+01 5.140130400000000321e+00
1.563900000000000112e+01 5.138975400000000526e+00
1.564500000000000135e+01 5.136253500000000471e+00
1.565100000000000158e+01 5.133528000000000979e+00
1.565700000000000003e+01 5.132364599999999832e+00
1.566200000000000081e+01 5.129305000000000447e+00
1.566800000000000104e+01 5.128136399999999817e+00
1.567400000000000126e+01 5.125398000000000565e+00
1.568000000000000149e+01 5.124223999999999890e+00
1.568599999999999994e+01 5.123047599999999591e+00
1.569100000000000072e+01 5.121542400000000939e+00
1.569700000000000095e+01 5.120361400000000174e+00
1.570300000000000118e+01 5.119178000000000672e+00
1.570900000000000141e+01 5.117992199999999769e+00
1.571500000000000163e+01 5.118375499999999967e+00
1.572000000000000064e+01 5.116859999999999964e+00
1.572600000000000087e+01 5.117240400000000911e+00
1.573200000000000109e+01 5.117619600000000268e+00
1.573800000000000132e+01 5.117997600000000702e+00
1.574400000000000155e+01 5.118374400000000435e+00
1.574900000000000055e+01 5.119999899999999826e+00
1.575500000000000078e+01 5.121950500000000517e+00
1.576100000000000101e+01 5.123901100000000319e+00
1.576700000000000124e+01 5.127428400000000330e+00
1.577300000000000146e+01 5.130956900000000154e+00
1.577800000000000047e+01 5.132583399999999685e+00
1.578400000000000070e+01 5.137692000000000370e+00
1.579000000000000092e+01 5.142802999999999791e+00
1.579600000000000115e+01 5.147916400000000614e+00
1.580200000000000138e+01 5.153032200000000174e+00
1.580700000000000038e+01 5.157824100000000023e+00
1.581300000000000061e+01 5.164525799999999833e+00
1.581900000000000084e+01 5.171231100000000858e+00
1.582500000000000107e+01 5.177940000000000431e+00
1.583100000000000129e+01 5.184652500000000330e+00
1.583600000000000030e+01 5.192624400000000584e+00
1.584200000000000053e+01 5.199344400000000199e+00
1.584800000000000075e+01 5.207652799999999971e+00
1.585400000000000098e+01 5.215966000000000768e+00
1.586000000000000121e+01 5.222698000000000285e+00
1.586500000000000021e+01 5.230690499999999687e+00
1.587100000000000044e+01 5.239017099999999871e+00
1.587700000000000067e+01 5.245760800000000224e+00
1.588300000000000090e+01 5.254096399999999889e+00
1.588900000000000112e+01 5.260847900000000799e+00
1.589400000000000013e+01 5.268861000000000239e+00
1.590000000000000036e+01 5.275619999999999976e+00
1.590600000000000058e+01 5.282382600000000039e+00
1.591200000000000081e+01 5.289148799999999540e+00
1.591800000000000104e+01 5.295918600000000254e+00
1.592300000000000004e+01 5.302359000000000044e+00
1.592900000000000027e+01 5.307542800000000227e+00
1.593500000000000050e+01 5.314322500000000282e+00
1.594100000000000072e+01 5.319511700000000509e+00
1.594700000000000095e+01 5.324703299999999473e+00
1.595199999999999996e+01 5.329563199999999945e+00
1.595800000000000018e+01 5.334759400000000262e+00
1.596400000000000041e+01 5.339958000000000204e+00
1.597000000000000064e+01 5.345158999999999772e+00
1.597600000000000087e+01 5.348764799999999653e+00
1.598100000000000165e+01 5.353635000000000588e+00
1.598700000000000010e+01 5.358842400000000339e+00
1.599300000000000033e+01 5.362452900000000078e+00
1.599900000000000055e+01 5.367664500000000949e+00
1.600499999999999901e+01 5.372878499999999669e+00
1.601000000000000156e+01 5.380961000000000993e+00
1.601600000000000179e+01 5.387782399999999861e+00
1.602200000000000202e+01 5.394607400000000830e+00
1.602800000000000225e+01 5.401436000000001236e+00
1.603400000000000247e+01 5.408268200000001080e+00
1.603900000000000148e+01 5.414766400000000424e+00
1.604500000000000171e+01 5.420001000000000069e+00
1.605100000000000193e+01 5.426843100000001030e+00
1.605700000000000216e+01 5.432083100000000719e+00
1.606300000000000239e+01 5.437325500000000922e+00
1.606800000000000139e+01 5.440624800000001038e+00
1.607400000000000162e+01 5.445871200000000023e+00
1.608000000000000185e+01 5.449512000000000356e+00
1.608600000000000207e+01 5.453154000000001389e+00
1.609200000000000230e+01 5.456797200000001347e+00
1.609700000000000131e+01 5.458492700000000752e+00
1.610300000000000153e+01 5.462137600000000148e+00
1.610900000000000176e+01 5.464172800000000940e+00
1.611500000000000199e+01 5.466208000000000844e+00
1.612100000000000222e+01 5.468243200000000748e+00
1.612600000000000122e+01 5.468326600000001037e+00
1.613200000000000145e+01 5.470361200000001034e+00
1.613800000000000168e+01 5.470782000000000700e+00
1.614400000000000190e+01 5.471201600000000553e+00
1.615000000000000213e+01 5.471620000000000594e+00
1.615500000000000114e+01 5.471698500000000465e+00
1.616100000000000136e+01 5.472114600000000273e+00
1.616700000000000159e+01 5.470912799999999798e+00
1.617300000000000182e+01 5.471325900000000075e+00
1.617900000000000205e+01 5.471737800000000540e+00
1.618400000000000105e+01 5.470192000000000832e+00
1.619000000000000128e+01 5.470601000000000269e+00
1.619600000000000151e+01 5.469389200000000173e+00
1.620200000000000173e+01 5.469795200000000968e+00
1.620800000000000196e+01 5.468579200000000640e+00
1.621300000000000097e+01 5.468644900000000142e+00
1.621900000000000119e+01 5.469046800000000097e+00
1.622500000000000142e+01 5.469447500000000240e+00
1.623100000000000165e+01 5.469847000000000570e+00
1.623700000000000188e+01 5.471869000000000760e+00
1.624200000000000088e+01 5.471929799999999844e+00
1.624800000000000111e+01 5.473951200000000128e+00
1.625400000000000134e+01 5.475972600000000412e+00
1.626000000000000156e+01 5.477993999999999808e+00
1.626600000000000179e+01 5.480015400000000092e+00
1.627100000000000080e+01 5.481699899999999737e+00
1.627700000000000102e+01 5.485349000000001141e+00
1.628300000000000125e+01 5.487371000000000443e+00
1.628900000000000148e+01 5.491021900000000677e+00
1.629500000000000171e+01 5.494674000000000724e+00
1.630000000000000071e+01 5.497989999999999711e+00
1.630600000000000094e+01 5.500013800000000508e+00
1.631200000000000117e+01 5.503668799999999806e+00
1.631800000000000139e+01 5.505693200000000509e+00
1.632400000000000162e+01 5.507717600000000324e+00
1.632900000000000063e+01 5.509404599999999874e+00
1.633500000000000085e+01 5.511428999999999689e+00
1.634100000000000108e+01 5.513453400000000393e+00
1.634700000000000131e+01 5.513843099999999886e+00
1.635300000000000153e+01 5.514231600000000455e+00
1.635800000000000054e+01 5.512646000000000157e+00
1.636400000000000077e+01 5.511395199999999939e+00
1.637000000000000099e+01 5.508505000000000429e+00
1.637600000000000122e+01 5.505611200000000593e+00
1.638200000000000145e+01 5.502713800000000433e+00
1.638700000000000045e+01 5.496199799999999414e+00
1.639300000000000068e+01 5.490015699999999832e+00
1.639900000000000091e+01 5.482185700000000494e+00
1.640500000000000114e+01 5.472708000000000794e+00
1.641100000000000136e+01 5.459939700000000506e+00
1.641600000000000037e+01 5.448470399999999714e+00
1.642200000000000060e+01 5.434039800000000753e+00
1.642800000000000082e+01 5.416311600000000226e+00
1.643400000000000105e+01 5.398569000000000173e+00
1.644000000000000128e+01 5.379167999999999950e+00
1.644500000000000028e+01 5.354492000000000473e+00
1.645100000000000051e+01 5.328478900000000351e+00
1.645700000000000074e+01 5.302445399999999864e+00
1.646300000000000097e+01 5.271452599999999933e+00
1.646900000000000119e+01 5.235495100000000512e+00
1.647400000000000020e+01 5.199194399999999661e+00
1.648000000000000043e+01 5.163184000000000218e+00
1.648600000000000065e+01 5.117254400000000203e+00
1.649200000000000088e+01 5.071290000000000298e+00
1.649800000000000111e+01 5.025290799999999614e+00
1.650300000000000011e+01 4.972353899999999882e+00
1.650900000000000034e+01 4.916380199999999867e+00
1.651500000000000057e+01 4.860364500000000199e+00
1.652100000000000080e+01 4.802654700000000609e+00
1.652700000000000102e+01 4.736638200000000687e+00
1.653200000000000003e+01 4.668636799999999809e+00
1.653800000000000026e+01 4.600871600000000505e+00
1.654400000000000048e+01 4.528092800000000473e+00
1.655000000000000071e+01 4.450294999999999668e+00
1.655600000000000094e+01 4.374095200000000183e+00
1.656099999999999994e+01 4.294267299999999565e+00
1.656700000000000017e+01 4.209674699999999881e+00
1.657300000000000040e+01 4.125019700000000178e+00
1.657900000000000063e+01 4.040302300000000457e+00
1.658500000000000085e+01 3.950547000000000253e+00
1.658999999999999986e+01 3.858833999999999875e+00
1.659600000000000009e+01 3.768951599999999846e+00
1.660200000000000031e+01 3.675682800000000139e+00
1.660800000000000054e+01 3.580684800000000223e+00
1.661400000000000077e+01 3.485617200000000082e+00
1.661899999999999977e+01 3.388614099999999851e+00
1.662500000000000000e+01 3.291749999999999954e+00
1.663100000000000023e+01 3.194815100000000019e+00
1.663700000000000045e+01 3.097809400000000046e+00
1.664300000000000068e+01 3.000732900000000036e+00
1.664799999999999969e+01 2.905075999999999770e+00
1.665399999999999991e+01 2.807864400000000149e+00
1.666000000000000014e+01 2.710582000000000047e+00
1.666600000000000037e+01 2.618228599999999684e+00
1.667200000000000060e+01 2.524140800000000073e+00
1.667699999999999960e+01 2.429838900000000024e+00
1.668299999999999983e+01 2.340624899999999897e+00
1.668900000000000006e+01 2.253014999999999990e+00
1.669500000000000028e+01 2.165341500000000252e+00
1.670100000000000051e+01 2.077604399999999796e+00
1.670599999999999952e+01 1.998037599999999969e+00
1.671199999999999974e+01 1.918537600000000065e+00
1.671799999999999997e+01 1.837308200000000058e+00
1.672400000000000020e+01 1.762709599999999988e+00
1.673000000000000043e+01 1.691402999999999990e+00
1.673499999999999943e+01 1.619947999999999944e+00
1.674099999999999966e+01 1.548542499999999933e+00
1.674699999999999989e+01 1.485458900000000027e+00
1.675300000000000011e+01 1.422329700000000141e+00
1.675900000000000034e+01 1.359154900000000055e+00
1.676399999999999935e+01 1.302562800000000021e+00
1.676999999999999957e+01 1.246010999999999980e+00
1.677599999999999980e+01 1.191095999999999933e+00
1.678200000000000003e+01 1.137819600000000042e+00
1.678800000000000026e+01 1.089541199999999987e+00
1.679299999999999926e+01 1.039486699999999875e+00
1.679899999999999949e+01 9.911409999999999387e-01
1.680499999999999972e+01 9.494825000000000070e-01
1.681099999999999994e+01 9.061129000000001099e-01
1.681700000000000017e+01 8.643937999999999899e-01
1.682199999999999918e+01 8.242779999999999552e-01
1.682799999999999940e+01 7.892331999999999681e-01
1.683399999999999963e+01 7.524797999999999210e-01
1.683999999999999986e+01 7.157000000000000028e-01
1.684600000000000009e+01 6.839475999999999889e-01
1.685099999999999909e+01 6.521336999999999273e-01
1.685699999999999932e+01 6.203375999999999335e-01
1.686299999999999955e+01 5.918913000000000091e-01
1.686899999999999977e+01 5.651114999999999888e-01
1.687500000000000000e+01 5.366250000000000187e-01
1.688000000000000256e+01 5.097760000000001179e-01
1.688599999999999923e+01 4.880053999999999781e-01
1.689199999999999946e+01 4.645299999999999985e-01
1.689799999999999969e+01 4.410378000000000354e-01
1.690399999999999991e+01 4.209095999999999949e-01
1.690900000000000247e+01 4.007433000000000245e-01
1.691499999999999915e+01 3.805874999999999675e-01
1.692099999999999937e+01 3.621093999999999702e-01
1.692699999999999960e+01 3.453108000000000288e-01
1.693299999999999983e+01 3.285002000000000200e-01
1.693800000000000239e+01 3.116592000000000251e-01
1.694399999999999906e+01 2.982143999999999906e-01
1.694999999999999929e+01 2.830649999999999555e-01
1.695599999999999952e+01 2.696004000000000178e-01
1.696199999999999974e+01 2.578224000000000071e-01
1.696700000000000230e+01 2.460215000000000596e-01
1.697300000000000253e+01 2.342274000000000300e-01
1.697899999999999920e+01 2.241227999999999831e-01
1.698499999999999943e+01 2.140110000000000068e-01
1.699099999999999966e+01 2.038919999999999899e-01
1.699600000000000222e+01 1.954540000000000166e-01
1.700200000000000244e+01 1.870220000000000216e-01
1.700799999999999912e+01 1.785839999999999927e-01
1.701399999999999935e+01 1.718413999999999775e-01
1.701999999999999957e+01 1.633919999999999817e-01
1.702500000000000213e+01 1.566300000000000192e-01
1.703100000000000236e+01 1.498728000000000282e-01
1.703700000000000259e+01 1.431108000000000102e-01
1.704299999999999926e+01 1.380482999999999849e-01
1.704899999999999949e+01 1.312773000000000134e-01
1.705400000000000205e+01 1.261996000000000229e-01
1.706000000000000227e+01 1.194200000000000123e-01
1.706600000000000250e+01 1.160488000000000075e-01
1.707199999999999918e+01 1.109679999999999833e-01
1.707799999999999940e+01 1.058835999999999944e-01
1.708300000000000196e+01 1.007897000000000098e-01
1.708900000000000219e+01 9.569840000000001679e-02
1.709500000000000242e+01 9.231300000000002004e-02
1.710099999999999909e+01 8.721510000000000373e-02
1.710699999999999932e+01 8.382429999999999048e-02
1.711200000000000188e+01 8.042640000000000899e-02
1.711800000000000210e+01 7.703100000000000225e-02
1.712400000000000233e+01 7.363320000000000976e-02
1.713000000000000256e+01 7.023300000000001764e-02
1.713599999999999923e+01 6.683039999999999814e-02
1.714100000000000179e+01 6.342170000000001140e-02
1.714700000000000202e+01 6.001450000000000534e-02
1.715300000000000225e+01 5.832020000000000259e-02
1.715900000000000247e+01 5.490880000000000760e-02
1.716499999999999915e+01 5.321149999999999491e-02
1.717000000000000171e+01 4.979300000000000392e-02
1.717600000000000193e+01 4.809280000000000499e-02
1.718200000000000216e+01 4.467320000000000318e-02
1.718800000000000239e+01 4.297000000000000819e-02
1.719399999999999906e+01 4.126559999999999256e-02
1.719900000000000162e+01 3.783780000000000476e-02
1.720500000000000185e+01 3.613050000000000289e-02
1.721100000000000207e+01 3.442200000000000815e-02
1.721700000000000230e+01 3.271230000000000665e-02
1.722300000000000253e+01 3.100140000000000534e-02
1.722800000000000153e+01 2.928760000000000044e-02
1.723400000000000176e+01 2.757440000000000585e-02
1.724000000000000199e+01 2.758400000000000435e-02
1.724600000000000222e+01 2.586900000000000310e-02
1.725200000000000244e+01 2.415280000000000205e-02
1.725700000000000145e+01 2.415980000000000211e-02
1.726300000000000168e+01 2.244190000000000074e-02
1.726900000000000190e+01 2.072279999999999955e-02
1.727500000000000213e+01 2.073000000000000190e-02
1.728100000000000236e+01 1.900910000000000447e-02
1.728600000000000136e+01 1.901460000000000303e-02
1.729200000000000159e+01 1.729200000000000181e-02
1.729800000000000182e+01 1.729800000000000088e-02
1.730400000000000205e+01 1.557360000000000168e-02
1.731000000000000227e+01 1.557900000000000083e-02
1.731500000000000128e+01 1.558350000000000013e-02
1.732100000000000151e+01 1.385680000000000245e-02
1.732700000000000173e+01 1.386160000000000170e-02
1.733300000000000196e+01 1.386640000000000268e-02
1.733900000000000219e+01 1.213730000000000191e-02
1.734400000000000119e+01 1.214080000000000020e-02
1.735000000000000142e+01 1.040999999999999912e-02
1.735600000000000165e+01 1.041360000000000029e-02
1.736200000000000188e+01 1.041719999999999972e-02
1.736800000000000210e+01 8.684000000000000746e-03
1.737300000000000111e+01 8.686500000000001512e-03
1.737900000000000134e+01 8.689500000000001043e-03
1.738500000000000156e+01 8.692500000000000573e-03
1.739100000000000179e+01 6.956400000000001471e-03
1.739700000000000202e+01 6.958800000000001096e-03
1.740200000000000102e+01 6.960800000000000494e-03
1.740800000000000125e+01 5.222400000000000306e-03
1.741400000000000148e+01 5.224200000000000024e-03
1.742000000000000171e+01 5.225999999999999743e-03
1.742600000000000193e+01 5.227800000000000329e-03
1.743100000000000094e+01 3.486200000000000496e-03
1.743700000000000117e+01 3.487400000000000309e-03
1.744300000000000139e+01 3.488600000000000555e-03
1.744900000000000162e+01 3.489800000000000367e-03
1.745500000000000185e+01 3.491000000000000613e-03
1.746000000000000085e+01 1.746000000000000156e-03
1.746600000000000108e+01 1.746600000000000279e-03
1.747200000000000131e+01 1.747200000000000185e-03
1.747800000000000153e+01 1.747800000000000308e-03
1.748400000000000176e+01 1.748400000000000214e-03
1.748900000000000077e+01 1.748900000000000064e-03
1.749500000000000099e+01 1.749500000000000187e-03
1.750100000000000122e+01 1.750100000000000310e-03
1.750700000000000145e+01 1.750700000000000216e-03
