3.028109999999999857e+00 3.131277707699999750e-04
3.029459999999999820e+00 3.310684771800000040e-04
3.030809999999999782e+00 3.441999992699999733e-04
3.032160000000000188e+00 3.507936225600000396e-04
3.033510000000000151e+00 3.588976016099999929e-04
3.034870000000000179e+00 3.702662794800000239e-04
3.036220000000000141e+00 3.848621385399999769e-04
3.037570000000000103e+00 4.025570018199999900e-04
3.038920000000000066e+00 4.123176266800000376e-04
3.040270000000000028e+00 4.315511251500000253e-04
3.041620000000000434e+00 4.453357506800000856e-04
3.042970000000000397e+00 4.707961465200000682e-04
3.044320000000000359e+00 4.906804532800000803e-04
3.045679999999999943e+00 5.222092471199999602e-04
3.047029999999999905e+00 5.518658854799999951e-04
3.048379999999999868e+00 5.878556959599999998e-04
3.049730000000000274e+00 6.148103193500000343e-04
3.051080000000000236e+00 6.456726006800000105e-04
3.052430000000000199e+00 6.812474322599999885e-04
3.053780000000000161e+00 7.224113581400000298e-04
3.055130000000000123e+00 7.648548506300000644e-04
3.056490000000000151e+00 8.033342102100000720e-04
3.057840000000000114e+00 8.464254011999999133e-04
3.059190000000000076e+00 8.990500531500001139e-04
3.060540000000000482e+00 9.550109016000001222e-04
3.061890000000000445e+00 1.011587218200000159e-03
3.063240000000000407e+00 1.076848326360000047e-03
3.064590000000000369e+00 1.145739875760000111e-03
3.065940000000000332e+00 1.220918626800000231e-03
3.067300000000000360e+00 1.286382677800000131e-03
3.068650000000000322e+00 1.360851146850000203e-03
3.070000000000000284e+00 1.431608540000000240e-03
3.071350000000000247e+00 1.515640583950000073e-03
3.072700000000000209e+00 1.601147097599999944e-03
3.074050000000000171e+00 1.695046540250000301e-03
3.075400000000000134e+00 1.784500850000000135e-03
3.076750000000000096e+00 1.893991918500000267e-03
3.078110000000000124e+00 1.998192043819999909e-03
3.079460000000000086e+00 2.114098561360000170e-03
3.080810000000000048e+00 2.231005531220000161e-03
3.082160000000000011e+00 2.356194197920000091e-03
3.083509999999999973e+00 2.479835829750000158e-03
3.084859999999999935e+00 2.629380420999999791e-03
3.086209999999999898e+00 2.781375779669999996e-03
3.087559999999999860e+00 2.942580532640000010e-03
3.088920000000000332e+00 3.102789250800000453e-03
3.090270000000000294e+00 3.285791382900000480e-03
3.091620000000000257e+00 3.480020220600000408e-03
3.092970000000000219e+00 3.695511485700000032e-03
3.094320000000000181e+00 3.917378176799999993e-03
3.095670000000000144e+00 4.153677135900000171e-03
3.097020000000000106e+00 4.409320284600000243e-03
3.098370000000000068e+00 4.700351224799999977e-03
3.099720000000000031e+00 5.025111078000000196e-03
3.101080000000000059e+00 5.365209518799999612e-03
3.102430000000000021e+00 5.713342015099999970e-03
3.103779999999999983e+00 6.107432057199999390e-03
3.105129999999999946e+00 6.534870290199999363e-03
3.106479999999999908e+00 6.994923145600000051e-03
3.107829999999999870e+00 7.510537369499998596e-03
3.109180000000000277e+00 8.081660482200001341e-03
3.110530000000000239e+00 8.709919474200000442e-03
3.111890000000000267e+00 9.399308150500001666e-03
3.113240000000000229e+00 1.015713229440000018e-02
3.114590000000000192e+00 1.102315692800000073e-02
3.115940000000000154e+00 1.198904654100000147e-02
3.117290000000000116e+00 1.305842132870000012e-02
3.118640000000000079e+00 1.423999091760000044e-02
3.119990000000000485e+00 1.555695653780000444e-02
3.121340000000000447e+00 1.707067088680000108e-02
3.122700000000000031e+00 1.875434288700000146e-02
3.124049999999999994e+00 2.063435024999999909e-02
3.125399999999999956e+00 2.276122556399999899e-02
3.126750000000000362e+00 2.515042010250000126e-02
3.128100000000000325e+00 2.783821314000000172e-02
3.129450000000000287e+00 3.086175965399999901e-02
3.130800000000000249e+00 3.426879756000000138e-02
3.132150000000000212e+00 3.812296372500000030e-02
3.133509999999999796e+00 4.248569533499999690e-02
3.134860000000000202e+00 4.740535292000000456e-02
3.136210000000000164e+00 5.298344536099999780e-02
3.137560000000000127e+00 5.928639249200000350e-02
3.138910000000000089e+00 6.642686898400000650e-02
3.140260000000000051e+00 7.448759525200000786e-02
3.141610000000000014e+00 8.362463162399999539e-02
3.142959999999999976e+00 9.392201656800000520e-02
3.144320000000000004e+00 1.055315544319999910e-01
3.145670000000000410e+00 1.185407991460000199e-01
3.147020000000000373e+00 1.330928257340000254e-01
3.148370000000000335e+00 1.494282517770000041e-01
3.149720000000000297e+00 1.673739159960000167e-01
3.151070000000000260e+00 1.870453094510000080e-01
3.152420000000000222e+00 2.085458231639999993e-01
3.153770000000000184e+00 2.318093486710000317e-01
3.155130000000000212e+00 2.567546984970000001e-01
3.156480000000000175e+00 2.833168066560000087e-01
3.157830000000000137e+00 3.111128852130000122e-01
3.159180000000000099e+00 3.400794086399999694e-01
3.160530000000000062e+00 3.698325784800000071e-01
3.161880000000000024e+00 4.000315719599999986e-01
3.163229999999999986e+00 4.306990703399999898e-01
3.164579999999999949e+00 4.610666476799999414e-01
3.165940000000000420e+00 4.914488662000001118e-01
3.167290000000000383e+00 5.214119489600000934e-01
3.168640000000000345e+00 5.508807385600000828e-01
3.169990000000000308e+00 5.800225802700000877e-01
3.171340000000000270e+00 6.088211678400000659e-01
3.172690000000000232e+00 6.378534610500000701e-01
3.174040000000000195e+00 6.662278219600000773e-01
3.175390000000000157e+00 6.939338536500000432e-01
3.176750000000000185e+00 7.214843995000000954e-01
3.178100000000000147e+00 7.485506054000000686e-01
3.179450000000000109e+00 7.753979071000001166e-01
3.180800000000000072e+00 8.017937983999999796e-01
3.182150000000000034e+00 8.275976612500000051e-01
3.183499999999999996e+00 8.531079630000000247e-01
3.184849999999999959e+00 8.780344813500000622e-01
3.186200000000000365e+00 9.024337984000000423e-01
3.187550000000000328e+00 9.263466557000000767e-01
3.188909999999999911e+00 9.494214186599999605e-01
3.190259999999999874e+00 9.718616648400000280e-01
3.191609999999999836e+00 9.935896839300000227e-01
3.192959999999999798e+00 1.014441707519999847e+00
3.194310000000000205e+00 1.034569928490000068e+00
3.195660000000000167e+00 1.053788058959999940e+00
3.197010000000000129e+00 1.072200425759999964e+00
3.198360000000000092e+00 1.091136505799999989e+00
3.199720000000000120e+00 1.107848654760000162e+00
3.201070000000000082e+00 1.123726020290000127e+00
3.202420000000000044e+00 1.138786956839999975e+00
3.203770000000000007e+00 1.152972747600000014e+00
3.205120000000000413e+00 1.166471372800000017e+00
3.206470000000000375e+00 1.179221026610000056e+00
3.207820000000000338e+00 1.191249619560000195e+00
3.209170000000000300e+00 1.202658921690000104e+00
3.210529999999999884e+00 1.213333129190000026e+00
3.211880000000000290e+00 1.223379396960000198e+00
3.213230000000000253e+00 1.231537875329999920e+00
3.214580000000000215e+00 1.240422842920000157e+00
3.215930000000000177e+00 1.248854960620000121e+00
3.217280000000000140e+00 1.256775738239999995e+00
3.218630000000000102e+00 1.264187742360000088e+00
3.219980000000000064e+00 1.271183704400000058e+00
3.221340000000000092e+00 1.278714134340000141e+00
3.222690000000000499e+00 1.286356049640000165e+00
3.224040000000000461e+00 1.292691734160000161e+00
3.225390000000000423e+00 1.298671029600000137e+00
3.226740000000000386e+00 1.304303162580000119e+00
3.228090000000000348e+00 1.309697446710000213e+00
3.229440000000000310e+00 1.314853578240000154e+00
3.230790000000000273e+00 1.319341558350000110e+00
3.232150000000000301e+00 1.323303620849999973e+00
3.233500000000000263e+00 1.327086603000000142e+00
3.234850000000000225e+00 1.330674956600000014e+00
3.236200000000000188e+00 1.334149339600000150e+00
3.237550000000000150e+00 1.337422192350000039e+00
3.238900000000000112e+00 1.340574232200000049e+00
3.240250000000000075e+00 1.343527539249999903e+00
3.241600000000000037e+00 1.346217030400000070e+00
3.242960000000000065e+00 1.348792465440000088e+00
3.244310000000000027e+00 1.351780693219999829e+00
3.245659999999999989e+00 1.355293491860000143e+00
3.247009999999999952e+00 1.357594363059999809e+00
3.248359999999999914e+00 1.359805724679999939e+00
3.249709999999999877e+00 1.361868968540000058e+00
3.251059999999999839e+00 1.364193541899999973e+00
3.252409999999999801e+00 1.366571614519999978e+00
3.253770000000000273e+00 1.368952144560000139e+00
3.255120000000000235e+00 1.371261616560000007e+00
3.256470000000000198e+00 1.373539968360000030e+00
3.257820000000000160e+00 1.375764354720000027e+00
3.259170000000000122e+00 1.378009667700000218e+00
3.260520000000000085e+00 1.380142250280000038e+00
3.261870000000000047e+00 1.382090199570000122e+00
3.263220000000000010e+00 1.384026235379999914e+00
3.264580000000000037e+00 1.385934999460000094e+00
3.265930000000000000e+00 1.387863485360000038e+00
3.267279999999999962e+00 1.390263580079999839e+00
3.268629999999999924e+00 1.393413700370000008e+00
3.269979999999999887e+00 1.395382215499999967e+00
3.271330000000000293e+00 1.397037833150000186e+00
3.272680000000000256e+00 1.398655069640000193e+00
3.274030000000000218e+00 1.400292808909999964e+00
3.275390000000000246e+00 1.401961906310000172e+00
3.276740000000000208e+00 1.403680050980000038e+00
3.278090000000000170e+00 1.405448306600000086e+00
3.279440000000000133e+00 1.407243777840000210e+00
3.280790000000000095e+00 1.409069777890000097e+00
3.282140000000000502e+00 1.410890239660000267e+00
3.283490000000000464e+00 1.412747840420000012e+00
3.284840000000000426e+00 1.414606491480000283e+00
3.286190000000000389e+00 1.416538489020000124e+00
3.287549999999999972e+00 1.418482486050000047e+00
3.288900000000000379e+00 1.420452887700000222e+00
3.290250000000000341e+00 1.424125488000000050e+00
3.291600000000000303e+00 1.426154823600000121e+00
3.292950000000000266e+00 1.428198516300000165e+00
3.294300000000000228e+00 1.430223639300000071e+00
3.295650000000000190e+00 1.432266420450000188e+00
3.297000000000000153e+00 1.434280722000000230e+00
3.298360000000000181e+00 1.436366514440000186e+00
3.299710000000000143e+00 1.438409583199999897e+00
3.301060000000000105e+00 1.440067618640000102e+00
3.302410000000000068e+00 1.441643968629999994e+00
3.303760000000000030e+00 1.443240948479999952e+00
3.305109999999999992e+00 1.444838751830000101e+00
3.306459999999999955e+00 1.446397701159999993e+00
3.307809999999999917e+00 1.447964057209999877e+00
3.309169999999999945e+00 1.449499189249999986e+00
3.310519999999999907e+00 1.450974431839999967e+00
3.311869999999999870e+00 1.453814885769999954e+00
3.313219999999999832e+00 1.455441221259999862e+00
3.314569999999999794e+00 1.456833064680000067e+00
3.315919999999999757e+00 1.458208979199999922e+00
3.317269999999999719e+00 1.459598799999999974e+00
3.318619999999999681e+00 1.460972675699999890e+00
3.319980000000000597e+00 1.462364870520000082e+00
3.321330000000000560e+00 1.463550707160000242e+00
3.322680000000000522e+00 1.464776896560000319e+00
3.324030000000000484e+00 1.466040163290000198e+00
3.325380000000000447e+00 1.467353853420000132e+00
3.326730000000000409e+00 1.468718027700000262e+00
3.328080000000000371e+00 1.470086153760000069e+00
3.329430000000000334e+00 1.471461565080000256e+00
3.330790000000000362e+00 1.471749530980000165e+00
3.332140000000000324e+00 1.471316413420000080e+00
3.333490000000000286e+00 1.470935797400000133e+00
3.334840000000000249e+00 1.472085081839999976e+00
3.336190000000000211e+00 1.472080492740000190e+00
3.337540000000000173e+00 1.471818427060000101e+00
3.338890000000000136e+00 1.471612428610000078e+00
3.340240000000000098e+00 1.470714352480000153e+00
3.341600000000000126e+00 1.466661656000000091e+00
3.342950000000000088e+00 1.462567368600000028e+00
3.344300000000000050e+00 1.458519460300000015e+00
3.345650000000000013e+00 1.454517991849999969e+00
3.346999999999999975e+00 1.450546289000000044e+00
3.348350000000000382e+00 1.446590998850000087e+00
3.349700000000000344e+00 1.442625348099999982e+00
3.351050000000000306e+00 1.433505466900000025e+00
3.352409999999999890e+00 1.422890195579999961e+00
3.353759999999999852e+00 1.412268335999999902e+00
3.355109999999999815e+00 1.401583782059999894e+00
3.356460000000000221e+00 1.390856607719999971e+00
3.357810000000000183e+00 1.380106919339999960e+00
3.359160000000000146e+00 1.369321264080000100e+00
3.360510000000000108e+00 1.363520211480000022e+00
3.361860000000000070e+00 1.365816138480000053e+00
3.363219999999999654e+00 1.368073815499999846e+00
3.364570000000000061e+00 1.370271601050000010e+00
3.365920000000000023e+00 1.372433684480000027e+00
3.367269999999999985e+00 1.374566755780000094e+00
3.368619999999999948e+00 1.376667409880000026e+00
3.369969999999999910e+00 1.378742346219999915e+00
3.371319999999999872e+00 1.392122538919999819e+00
3.372669999999999835e+00 1.406797992390000029e+00
3.374019999999999797e+00 1.422561060439999858e+00
3.375380000000000269e+00 1.436129679360000244e+00
3.376730000000000231e+00 1.449660579570000163e+00
3.378080000000000638e+00 1.463171436960000182e+00
3.379430000000000600e+00 1.476689250520000218e+00
3.380780000000000562e+00 1.484926476280000296e+00
3.382130000000000525e+00 1.489324327630000111e+00
3.383480000000000487e+00 1.493718449520000213e+00
3.384830000000000449e+00 1.498132527660000157e+00
3.386190000000000477e+00 1.502523612990000146e+00
3.387540000000000440e+00 1.506879418200000265e+00
3.388890000000000402e+00 1.511248384380000198e+00
3.390240000000000364e+00 1.514725329600000281e+00
3.391590000000000327e+00 1.514195705040000117e+00
3.392940000000000289e+00 1.513671964560000305e+00
3.394290000000000251e+00 1.513150721970000001e+00
3.395640000000000214e+00 1.512642168239999974e+00
3.397000000000000242e+00 1.512110007000000200e+00
3.398350000000000204e+00 1.511589478350000126e+00
3.399700000000000166e+00 1.511088456900000043e+00
3.401050000000000129e+00 1.510504935449999975e+00
3.402400000000000091e+00 1.509910267199999989e+00
3.403750000000000053e+00 1.509328266250000050e+00
3.405100000000000016e+00 1.508796404899999999e+00
3.406449999999999978e+00 1.508287492300000032e+00
3.407810000000000006e+00 1.507846875079999815e+00
3.409159999999999968e+00 1.507711237479999911e+00
3.410509999999999931e+00 1.509041538679999794e+00
3.411859999999999893e+00 1.509318155639999937e+00
3.413209999999999855e+00 1.509608171640000052e+00
3.414559999999999818e+00 1.509911602879999926e+00
3.415910000000000224e+00 1.511748545509999930e+00
3.417260000000000186e+00 1.512192226160000041e+00
3.418619999999999770e+00 1.512496627980000063e+00
3.419969999999999732e+00 1.512762170039999798e+00
3.421319999999999695e+00 1.514252282760000012e+00
3.422669999999999657e+00 1.515732832169999877e+00
3.424020000000000064e+00 1.517169565919999963e+00
3.425370000000000026e+00 1.518538453770000185e+00
3.426719999999999988e+00 1.519849694879999991e+00
3.428069999999999951e+00 1.521151213380000033e+00
3.429430000000000422e+00 1.522413142180000234e+00
3.430780000000000385e+00 1.523345227940000157e+00
3.432130000000000347e+00 1.524085376320000185e+00
3.433480000000000310e+00 1.524794734080000103e+00
3.434830000000000272e+00 1.525294653610000051e+00
3.436180000000000234e+00 1.525471493920000032e+00
3.437530000000000641e+00 1.525403937500000140e+00
3.438880000000000603e+00 1.525263640800000209e+00
3.440240000000000187e+00 1.524962065280000001e+00
3.441590000000000149e+00 1.524049624469999920e+00
3.442940000000000111e+00 1.523084354260000106e+00
3.444290000000000518e+00 1.523850336120000204e+00
3.445640000000000480e+00 1.522790261080000151e+00
3.446990000000000443e+00 1.521663394530000213e+00
3.448340000000000405e+00 1.521090360720000145e+00
3.449690000000000367e+00 1.521058012940000204e+00
3.451049999999999951e+00 1.520605102049999990e+00
3.452400000000000357e+00 1.520378269200000299e+00
3.453750000000000320e+00 1.520178423750000229e+00
3.455100000000000282e+00 1.520060879700000145e+00
3.456450000000000244e+00 1.520053385850000272e+00
3.457800000000000207e+00 1.520166445200000105e+00
3.459150000000000169e+00 1.520403658650000045e+00
3.460500000000000131e+00 1.521242721000000131e+00
3.461850000000000094e+00 1.523072064149999960e+00
3.463210000000000122e+00 1.525100714119999923e+00
3.464560000000000084e+00 1.527327024080000095e+00
3.465910000000000046e+00 1.529776423980000022e+00
3.467260000000000009e+00 1.532442238500000053e+00
3.468609999999999971e+00 1.535345530399999880e+00
3.469959999999999933e+00 1.538479635160000081e+00
3.471309999999999896e+00 1.540803427079999954e+00
3.472659999999999858e+00 1.543336920500000042e+00
3.474019999999999886e+00 1.546060490699999956e+00
3.475369999999999848e+00 1.548968933629999878e+00
3.476719999999999811e+00 1.553328961599999891e+00
3.478069999999999773e+00 1.557027596900000033e+00
3.479419999999999735e+00 1.561062659519999896e+00
3.480769999999999698e+00 1.566040192239999795e+00
3.482119999999999660e+00 1.570488351799999904e+00
3.483470000000000066e+00 1.574810601070000038e+00
3.484830000000000538e+00 1.578938139870000201e+00
3.486180000000000501e+00 1.582791957420000228e+00
3.487530000000000463e+00 1.586226294840000328e+00
3.488880000000000425e+00 1.589177862240000350e+00
3.490230000000000388e+00 1.591489036320000272e+00
3.491580000000000350e+00 1.593393007740000256e+00
3.492930000000000312e+00 1.594438714680000091e+00
3.494280000000000275e+00 1.594450446840000257e+00
3.495640000000000303e+00 1.593333685840000014e+00
3.496990000000000265e+00 1.590868175750000280e+00
3.498340000000000227e+00 1.586916990800000260e+00
3.499690000000000190e+00 1.581247434250000028e+00
3.501040000000000152e+00 1.573605446720000023e+00
3.502390000000000114e+00 1.564090321419999929e+00
3.503740000000000521e+00 1.552640336120000075e+00
3.505090000000000483e+00 1.539158625890000076e+00
3.506450000000000067e+00 1.523671744299999853e+00
3.507800000000000029e+00 1.507441972000000074e+00
3.509149999999999991e+00 1.487802398699999973e+00
3.510499999999999954e+00 1.466588605999999961e+00
3.511850000000000360e+00 1.443387909250000156e+00
3.513200000000000323e+00 1.417502422799999939e+00
3.514550000000000285e+00 1.389885030300000102e+00
3.515900000000000247e+00 1.360811515500000013e+00
3.517259999999999831e+00 1.330502078279999889e+00
3.518610000000000237e+00 1.298782285980000006e+00
3.519960000000000200e+00 1.265798735760000016e+00
3.521310000000000162e+00 1.231595779050000061e+00
3.522660000000000124e+00 1.196570103480000036e+00
3.524010000000000087e+00 1.160974522470000103e+00
3.525360000000000049e+00 1.124967053519999816e+00
3.526710000000000012e+00 1.088825865270000026e+00
3.528070000000000039e+00 1.052673773970000060e+00
3.529420000000000002e+00 1.016589430859999865e+00
3.530769999999999964e+00 9.808231906100000064e-01
3.532119999999999926e+00 9.454672852400000105e-01
3.533469999999999889e+00 9.107342251500000208e-01
3.534819999999999851e+00 8.775685524799999859e-01
3.536169999999999813e+00 8.444975108899999139e-01
3.537519999999999776e+00 8.121686042400000360e-01
3.538880000000000248e+00 7.807264723200000311e-01
3.540230000000000654e+00 7.502101393000001339e-01
3.541580000000000616e+00 7.205379925800000640e-01
3.542930000000000579e+00 6.925825851900000441e-01
3.544280000000000541e+00 6.650132564000000857e-01
3.545630000000000503e+00 6.384048640200000735e-01
3.546980000000000466e+00 6.128152815800000930e-01
3.548330000000000428e+00 5.882421474000001371e-01
3.549680000000000391e+00 5.646014517600000948e-01
3.551040000000000418e+00 5.419171123200000606e-01
3.552390000000000381e+00 5.206915642500000718e-01
3.553740000000000343e+00 4.997020426200000087e-01
3.555090000000000305e+00 4.795851960899999988e-01
3.556440000000000268e+00 4.602424568400000360e-01
3.557790000000000230e+00 4.416747239700000160e-01
3.559140000000000192e+00 4.238508643200000203e-01
3.560490000000000155e+00 4.067147727000000046e-01
3.561850000000000183e+00 3.902861519000000445e-01
3.563200000000000145e+00 3.744388720000000337e-01
3.564550000000000107e+00 3.591497998000000025e-01
3.565900000000000070e+00 3.444370562099999811e-01
3.567250000000000032e+00 3.302099874750000219e-01
3.568599999999999994e+00 3.167164617399999549e-01
3.569949999999999957e+00 3.035992578499999706e-01
3.571300000000000363e+00 2.907127482500000415e-01
3.572659999999999947e+00 2.782669848139999735e-01
3.574009999999999909e+00 2.662044164340000019e-01
3.575359999999999872e+00 2.545438223040000225e-01
3.576709999999999834e+00 2.432788724249999590e-01
3.578060000000000240e+00 2.325903590760000084e-01
3.579410000000000203e+00 2.219946502590000315e-01
3.580760000000000165e+00 2.117110026960000169e-01
3.582110000000000127e+00 2.017419277230000085e-01
3.583469999999999711e+00 1.921435113179999765e-01
3.584819999999999673e+00 1.830237020639999823e-01
3.586170000000000080e+00 1.740777124379999929e-01
3.587520000000000042e+00 1.654169596800000031e-01
3.588870000000000005e+00 1.570503867479999816e-01
3.590219999999999967e+00 1.490171074080000047e-01
3.591569999999999929e+00 1.412715326940000016e-01
3.592919999999999892e+00 1.338287248679999875e-01
3.594280000000000364e+00 1.267152631160000098e-01
3.595630000000000326e+00 1.198757872590000134e-01
3.596980000000000288e+00 1.133501919480000147e-01
3.598330000000000251e+00 1.071302004260000079e-01
3.599680000000000657e+00 1.011787255360000193e-01
3.601030000000000619e+00 9.552560311900001877e-02
3.602380000000000582e+00 9.014415593000001115e-02
3.603730000000000544e+00 8.510748954500001184e-02
3.605090000000000128e+00 8.029616957000000610e-02
3.606440000000000534e+00 7.569088078800001451e-02
3.607790000000000497e+00 7.135378828299999976e-02
3.609140000000000459e+00 6.726173761000001083e-02
3.610490000000000421e+00 6.336409950000000679e-02
3.611840000000000384e+00 5.971202243200000870e-02
3.613190000000000346e+00 5.627073710300000559e-02
3.614540000000000308e+00 5.302927779400000430e-02
3.615900000000000336e+00 4.999596453000000607e-02
3.617250000000000298e+00 4.712661817500000266e-02
3.618600000000000261e+00 4.444328334000000047e-02
3.619950000000000223e+00 4.197223426499999827e-02
3.621300000000000185e+00 3.958732734000000586e-02
3.622650000000000148e+00 3.736220077499999986e-02
3.624000000000000110e+00 3.527170344000000318e-02
3.625350000000000072e+00 3.331410247350000131e-02
3.626710000000000100e+00 3.150334388079999853e-02
3.628060000000000063e+00 2.977098962560000006e-02
3.629410000000000025e+00 2.814592937360000172e-02
3.630759999999999987e+00 2.665083132040000150e-02
3.632109999999999950e+00 2.523452007819999843e-02
3.633459999999999912e+00 2.392106558299999727e-02
3.634809999999999874e+00 2.268775705799999654e-02
3.636159999999999837e+00 2.151141347520000094e-02
3.637519999999999865e+00 2.041725425920000100e-02
3.638869999999999827e+00 1.938859074529999948e-02
3.640219999999999789e+00 1.844091769359999800e-02
3.641569999999999752e+00 1.756697009569999773e-02
3.642919999999999714e+00 1.671386267679999746e-02
3.644269999999999676e+00 1.591671365199999813e-02
3.645620000000000083e+00 1.518003357419999907e-02
3.646970000000000045e+00 1.447383924810000111e-02
3.648320000000000007e+00 1.382425062720000000e-02
3.649680000000000479e+00 1.321512631200000114e-02
3.651030000000000442e+00 1.262646657990000067e-02
3.652380000000000404e+00 1.209182489460000100e-02
3.653730000000000366e+00 1.157242249170000077e-02
3.655080000000000329e+00 1.108710036720000035e-02
3.656430000000000291e+00 1.064573250930000124e-02
3.657780000000000253e+00 1.020480384420000171e-02
3.659130000000000660e+00 9.798894000900001261e-03
3.660490000000000244e+00 9.430044523300000828e-03
3.661840000000000206e+00 9.068436904800001447e-03
3.663190000000000168e+00 8.733081591900001411e-03
3.664540000000000131e+00 8.405831788200000820e-03
3.665890000000000537e+00 8.088383037100001227e-03
3.667240000000000499e+00 7.805023564400001036e-03
3.668590000000000462e+00 7.526662673500000497e-03
3.669940000000000424e+00 7.271545717200000696e-03
3.671300000000000008e+00 7.037661821999999928e-03
3.672649999999999970e+00 6.798515867999999768e-03
3.674000000000000377e+00 6.572565560000000195e-03
3.675350000000000339e+00 6.360964998500000765e-03
3.676700000000000301e+00 6.147479167000000598e-03
3.678050000000000264e+00 5.962854660000000036e-03
3.679400000000000226e+00 5.788689638000000560e-03
3.680750000000000188e+00 5.610051920000000240e-03
3.682110000000000216e+00 5.455009143900000669e-03
3.683460000000000178e+00 5.298399367800000169e-03
3.684810000000000141e+00 5.148748164900000639e-03
3.686160000000000103e+00 5.022761616000000727e-03
3.687510000000000066e+00 4.868361327299999472e-03
3.688860000000000028e+00 4.713477753599999882e-03
3.690209999999999990e+00 4.590695044200000102e-03
3.691559999999999953e+00 4.469150198400000280e-03
3.692919999999999980e+00 4.360009068800000179e-03
3.694269999999999943e+00 4.260712419099999329e-03
3.695619999999999905e+00 4.143935662199999329e-03
3.696969999999999867e+00 4.041749422199999650e-03
3.698319999999999830e+00 3.940412027199999973e-03
3.699669999999999792e+00 3.828862476399999461e-03
3.701019999999999754e+00 3.732515680199999675e-03
3.702369999999999717e+00 3.636234564689999529e-03
3.703730000000000633e+00 3.537539931170000616e-03
3.705080000000000595e+00 3.451615477200000760e-03
3.706430000000000557e+00 3.362517773160000629e-03
3.707780000000000520e+00 3.278014927980000669e-03
3.709130000000000482e+00 3.200178017920000256e-03
3.710480000000000445e+00 3.107879495600000298e-03
3.711830000000000407e+00 3.018114955810000284e-03
3.713180000000000369e+00 2.934529867180000074e-03
3.714540000000000397e+00 2.845883677380000188e-03
3.715890000000000359e+00 2.772083667120000573e-03
3.717240000000000322e+00 2.705262299639999823e-03
3.718590000000000284e+00 2.629586044139999978e-03
3.719940000000000246e+00 2.558634251040000154e-03
3.721290000000000209e+00 2.487153941820000221e-03
3.722640000000000171e+00 2.415971024159999786e-03
3.723990000000000133e+00 2.349480186959999710e-03
3.725350000000000161e+00 2.270284170249999879e-03
3.726700000000000124e+00 2.193300837899999842e-03
3.728050000000000086e+00 2.128541331650000284e-03
3.729400000000000048e+00 2.054004343999999826e-03
3.730750000000000011e+00 1.982397435249999996e-03
3.732099999999999973e+00 1.918187437000000006e-03
3.733450000000000379e+00 1.845070990000000034e-03
3.734800000000000342e+00 1.780961788800000103e-03
3.736150000000000304e+00 1.722398775350000117e-03
3.737509999999999888e+00 1.650458253429999906e-03
3.738859999999999850e+00 1.591696262619999832e-03
3.740209999999999813e+00 1.536066844900000001e-03
3.741560000000000219e+00 1.466160218479999923e-03
3.742910000000000181e+00 1.402374804249999999e-03
3.744260000000000144e+00 1.342249813319999893e-03
3.745610000000000106e+00 1.282204706420000083e-03
3.746960000000000068e+00 1.234773198400000195e-03
3.748320000000000096e+00 1.178854136639999892e-03
3.749670000000000059e+00 1.118185341030000085e-03
3.751020000000000021e+00 1.074164593319999967e-03
3.752369999999999983e+00 1.026490832460000150e-03
3.753719999999999946e+00 9.773222929199999742e-04
3.755069999999999908e+00 9.390190896899999230e-04
3.756419999999999870e+00 8.886374972999999634e-04
3.757769999999999833e+00 8.370695718899999471e-04
3.759130000000000305e+00 8.031945114500001030e-04
3.760480000000000267e+00 7.657202190400000125e-04
3.761830000000000673e+00 7.273724014800000710e-04
3.763180000000000636e+00 6.960565887000001164e-04
3.764530000000000598e+00 6.593687230900001145e-04
3.765880000000000560e+00 6.287852177200001008e-04
3.767230000000000523e+00 6.049116555600000250e-04
3.768580000000000485e+00 5.691045715400000786e-04
3.769940000000000513e+00 5.364360724200000624e-04
3.771290000000000475e+00 5.148602820900000272e-04
3.772640000000000438e+00 4.903073849600000141e-04
3.773990000000000400e+00 4.718695176800000277e-04
3.775340000000000362e+00 4.584584129000000732e-04
3.776690000000000325e+00 4.355845411500000640e-04
3.778040000000000287e+00 4.144887684000000613e-04
3.779390000000000249e+00 3.892166997600000075e-04
