2.339770000000000127e+00 2.997666528600000319e-04
2.346210000000000129e+00 2.693425617899999880e-04
2.347809999999999953e+00 4.107986635100000145e-04
2.349420000000000286e+00 4.068114706799999991e-04
2.351030000000000175e+00 3.904637644600000412e-04
2.352640000000000065e+00 3.990736179200000586e-04
2.354249999999999954e+00 4.876287397500000129e-04
2.355850000000000222e+00 6.045935647500000776e-04
2.357460000000000111e+00 7.488000198000000591e-04
2.359070000000000000e+00 8.765478445500000113e-04
2.360679999999999890e+00 1.031940573160000001e-03
2.362290000000000223e+00 1.202270959470000053e-03
2.363900000000000112e+00 1.404518276700000151e-03
2.365499999999999936e+00 1.669373563499999954e-03
2.367109999999999825e+00 2.132318726209999921e-03
2.368720000000000159e+00 2.725141298400000391e-03
2.370330000000000048e+00 3.352310312399999805e-03
2.371940000000000381e+00 3.963772653400000727e-03
2.373540000000000205e+00 4.679315433000000302e-03
2.375150000000000095e+00 5.805080363499999854e-03
2.376759999999999984e+00 7.271055494799999810e-03
2.378370000000000317e+00 9.059425383300000537e-03
2.379980000000000206e+00 1.093303312499999992e-02
2.381580000000000030e+00 1.319278622579999997e-02
2.383190000000000364e+00 1.598286373500000176e-02
2.384800000000000253e+00 1.954028806400000262e-02
2.386410000000000142e+00 2.387627069099999833e-02
2.388020000000000032e+00 2.886352013599999961e-02
2.389620000000000299e+00 3.462200937000000506e-02
2.391230000000000189e+00 4.153518685400000438e-02
2.392840000000000078e+00 4.909988038000000221e-02
2.394449999999999967e+00 5.799597344999999488e-02
2.396059999999999857e+00 6.835240362000000180e-02
2.397670000000000190e+00 7.935880096099999503e-02
2.399270000000000014e+00 9.218499186700000736e-02
2.400879999999999903e+00 1.063906756159999911e-01
2.402490000000000236e+00 1.215220284330000150e-01
2.404100000000000126e+00 1.388483146800000012e-01
2.405710000000000015e+00 1.578157788550000051e-01
2.407309999999999839e+00 1.788087277939999775e-01
2.408920000000000172e+00 2.026169110119999950e-01
2.410530000000000062e+00 2.275371582900000134e-01
2.412140000000000395e+00 2.550765685800000515e-01
2.413750000000000284e+00 2.857252425000000318e-01
2.415350000000000108e+00 3.166958613000000478e-01
2.416959999999999997e+00 3.509595107199999786e-01
2.418570000000000331e+00 3.871380813300000501e-01
2.420180000000000220e+00 4.215711542000000756e-01
2.421790000000000109e+00 4.595734011400000041e-01
2.423390000000000377e+00 4.965259537100000231e-01
2.425000000000000266e+00 5.310265000000000679e-01
2.426610000000000156e+00 5.684164062300000042e-01
2.428220000000000045e+00 6.024438102199999312e-01
2.429829999999999934e+00 6.353470887399998990e-01
2.431440000000000268e+00 6.714324302400000999e-01
2.433040000000000092e+00 7.025621973600000292e-01
2.434649999999999981e+00 7.343951299500000029e-01
2.436259999999999870e+00 7.694025793800000068e-01
2.437870000000000203e+00 7.969202000400000818e-01
2.439480000000000093e+00 8.261225835600000122e-01
2.441079999999999917e+00 8.566286757600000135e-01
2.442690000000000250e+00 8.778979006200000601e-01
2.444300000000000139e+00 9.003236848000000236e-01
2.445910000000000029e+00 9.214696874900000223e-01
2.447520000000000362e+00 9.344533459200001779e-01
2.449120000000000186e+00 9.477727032000001772e-01
2.450730000000000075e+00 9.586839135900000475e-01
2.452340000000000408e+00 9.651429304000002096e-01
2.453950000000000298e+00 9.716905815000000946e-01
2.455560000000000187e+00 9.767652901200000182e-01
2.457160000000000011e+00 9.801267237600000959e-01
2.458770000000000344e+00 9.835227526200001069e-01
2.460380000000000233e+00 9.862826890800000523e-01
2.461990000000000123e+00 9.884348212200000372e-01
2.463600000000000012e+00 9.905913875999999840e-01
2.465200000000000280e+00 9.925856628000001569e-01
2.466810000000000169e+00 9.944969183099999777e-01
2.468420000000000059e+00 9.964986855799999876e-01
2.470029999999999948e+00 9.984626969300000043e-01
2.471640000000000281e+00 1.000631095800000203e+00
2.473250000000000171e+00 1.003061162999999922e+00
2.474849999999999994e+00 1.005910207050000116e+00
2.476459999999999884e+00 1.007760726559999931e+00
2.478070000000000217e+00 1.009575630280000080e+00
2.479680000000000106e+00 1.011528423359999929e+00
2.481290000000000440e+00 1.012780695430000266e+00
2.482890000000000263e+00 1.013756538330000234e+00
2.484500000000000153e+00 1.015325708000000215e+00
2.486110000000000042e+00 1.016861253870000148e+00
2.487720000000000375e+00 1.018499932920000184e+00
2.489330000000000265e+00 1.019751545170000107e+00
2.490930000000000089e+00 1.021156753499999903e+00
2.492540000000000422e+00 1.022472311020000246e+00
2.494150000000000311e+00 1.023609136600000191e+00
2.495759999999999756e+00 1.024716628079999747e+00
2.497370000000000090e+00 1.025804716979999975e+00
2.498970000000000358e+00 1.026589370850000016e+00
2.499779999999999891e+00 1.007103867059999880e+00
2.501129999999999853e+00 1.007675263439999913e+00
2.502480000000000260e+00 1.008018963840000115e+00
2.503830000000000222e+00 1.008347425260000207e+00
2.505180000000000184e+00 1.008618035340000052e+00
2.506530000000000147e+00 1.008763024620000115e+00
2.507890000000000175e+00 1.008833862959999994e+00
2.509240000000000137e+00 1.008799794159999985e+00
2.510590000000000099e+00 1.008772636130000011e+00
2.511940000000000062e+00 1.008727281620000138e+00
2.513290000000000468e+00 1.008688835180000076e+00
2.514640000000000430e+00 1.008617074720000284e+00
2.515990000000000393e+00 1.008605039220000110e+00
2.517340000000000355e+00 1.008662895240000079e+00
2.518699999999999939e+00 1.008764537000000017e+00
2.520049999999999901e+00 1.008924697949999949e+00
2.521400000000000308e+00 1.009253385000000058e+00
2.522750000000000270e+00 1.009604550000000156e+00
2.524100000000000232e+00 1.010023663200000144e+00
2.525450000000000195e+00 1.010712869950000092e+00
2.526800000000000157e+00 1.011336539199999995e+00
2.528150000000000119e+00 1.012162549550000179e+00
2.529510000000000147e+00 1.013030812350000032e+00
2.530860000000000110e+00 1.013973873840000151e+00
2.532210000000000072e+00 1.014917364630000041e+00
2.533560000000000034e+00 1.016213449559999926e+00
2.534909999999999997e+00 1.017487524900000162e+00
2.536259999999999959e+00 1.018313462520000101e+00
2.537609999999999921e+00 1.019835007680000016e+00
2.538959999999999884e+00 1.020928510799999911e+00
2.540320000000000356e+00 1.021930090879999975e+00
2.541670000000000318e+00 1.022485882630000065e+00
2.543020000000000280e+00 1.022767041720000103e+00
2.544370000000000243e+00 1.023653482770000123e+00
2.545720000000000205e+00 1.024267896280000034e+00
2.547070000000000167e+00 1.024159017509999936e+00
2.548420000000000130e+00 1.024169223280000152e+00
2.549770000000000092e+00 1.024285955090000089e+00
2.551120000000000054e+00 1.023685371280000034e+00
2.552480000000000082e+00 1.022942094720000084e+00
2.553830000000000044e+00 1.022946821819999963e+00
2.555180000000000007e+00 1.022549818659999943e+00
2.556529999999999969e+00 1.021660970839999960e+00
2.557879999999999932e+00 1.020814097679999977e+00
2.559229999999999894e+00 1.019625383529999985e+00
2.560579999999999856e+00 1.017297949359999842e+00
2.561930000000000263e+00 1.015833426230000169e+00
2.563290000000000290e+00 1.015167934890000012e+00
2.564640000000000253e+00 1.014471563040000079e+00
2.565990000000000215e+00 1.015036362270000048e+00
2.567340000000000177e+00 1.014422784840000036e+00
2.568690000000000140e+00 1.013312243340000141e+00
2.570040000000000102e+00 1.012444127640000024e+00
2.571390000000000065e+00 1.014904490489999977e+00
2.572740000000000471e+00 1.013747033160000255e+00
2.574100000000000055e+00 1.014473402799999979e+00
2.575450000000000017e+00 1.016357559850000092e+00
2.576799999999999979e+00 1.016323418400000067e+00
2.578149999999999942e+00 1.018186201349999820e+00
2.579499999999999904e+00 1.020189670499999979e+00
2.580850000000000311e+00 1.021164919500000101e+00
2.582200000000000273e+00 1.024206390200000261e+00
2.583550000000000235e+00 1.025240480700000179e+00
2.584909999999999819e+00 1.029815219449999875e+00
2.586259999999999781e+00 1.033386735679999946e+00
2.587610000000000188e+00 1.036252413870000222e+00
2.588960000000000150e+00 1.040754153119999970e+00
2.590310000000000112e+00 1.045221168719999927e+00
2.591660000000000075e+00 1.049070276419999947e+00
2.593010000000000037e+00 1.052238271980000084e+00
2.594359999999999999e+00 1.051068632960000082e+00
2.595720000000000027e+00 1.056881142359999970e+00
2.597069999999999990e+00 1.064333824470000023e+00
2.598420000000000396e+00 1.069850065020000240e+00
2.599770000000000358e+00 1.073543824260000168e+00
2.601120000000000321e+00 1.075446069600000110e+00
2.602470000000000283e+00 1.077688031940000180e+00
2.603820000000000245e+00 1.079205275400000108e+00
2.605170000000000208e+00 1.079345377530000150e+00
2.606530000000000236e+00 1.082849003610000027e+00
2.607880000000000198e+00 1.084554702880000221e+00
2.609230000000000160e+00 1.085583187650000170e+00
2.610580000000000123e+00 1.087027237940000113e+00
2.611930000000000085e+00 1.087811382539999983e+00
2.613280000000000047e+00 1.087189811999999867e+00
2.614630000000000010e+00 1.087479524229999939e+00
2.615979999999999972e+00 1.086076416599999872e+00
2.617340000000000444e+00 1.086091406400000237e+00
2.618690000000000406e+00 1.089409082970000275e+00
2.620040000000000369e+00 1.087125337080000032e+00
2.621390000000000331e+00 1.088838900130000065e+00
2.622740000000000293e+00 1.089845511380000076e+00
2.624090000000000256e+00 1.089451317570000244e+00
2.625440000000000218e+00 1.088252756320000181e+00
2.626790000000000180e+00 1.086217066850000190e+00
2.628150000000000208e+00 1.087751862750000020e+00
2.629500000000000171e+00 1.085741586000000147e+00
2.630850000000000133e+00 1.084462678499999999e+00
2.632200000000000095e+00 1.086919610400000069e+00
2.633550000000000058e+00 1.085999647049999961e+00
2.634900000000000020e+00 1.087631387100000069e+00
2.636249999999999982e+00 1.088370539999999886e+00
2.637599999999999945e+00 1.088606097599999822e+00
2.638949999999999907e+00 1.088991745950000034e+00
2.640309999999999935e+00 1.089434150959999847e+00
2.641659999999999897e+00 1.089700599960000016e+00
2.643009999999999859e+00 1.090643362520000048e+00
2.644359999999999822e+00 1.091470167440000028e+00
2.645709999999999784e+00 1.091670214489999902e+00
2.647060000000000191e+00 1.093759897880000054e+00
2.648410000000000153e+00 1.095202284120000202e+00
2.649760000000000115e+00 1.096518383680000097e+00
2.651120000000000143e+00 1.096169190879999977e+00
2.652470000000000105e+00 1.096615977040000134e+00
2.653820000000000068e+00 1.099798738220000072e+00
2.655170000000000030e+00 1.100429896159999865e+00
2.656519999999999992e+00 1.102190148000000036e+00
2.657870000000000399e+00 1.103608755010000220e+00
2.659220000000000361e+00 1.103555026240000236e+00
2.660570000000000324e+00 1.104221688240000221e+00
2.661929999999999907e+00 1.103684092740000011e+00
2.663279999999999870e+00 1.104454226159999886e+00
2.664630000000000276e+00 1.102229528760000132e+00
2.665980000000000238e+00 1.102739971320000123e+00
2.667330000000000201e+00 1.103674470750000136e+00
2.668680000000000163e+00 1.107331404480000225e+00
2.670030000000000125e+00 1.103731661340000114e+00
2.671380000000000088e+00 1.106453539440000133e+00
2.672740000000000116e+00 1.108417350880000152e+00
2.674090000000000078e+00 1.108447742260000091e+00
2.675440000000000484e+00 1.107134528160000242e+00
2.676790000000000447e+00 1.106440439340000248e+00
2.678140000000000409e+00 1.107726910520000052e+00
2.679490000000000371e+00 1.107677050590000212e+00
2.680840000000000334e+00 1.109977674440000062e+00
2.682190000000000296e+00 1.109667600230000106e+00
2.683550000000000324e+00 1.107823111000000083e+00
2.684900000000000286e+00 1.108490498899999954e+00
2.686250000000000249e+00 1.108459572500000156e+00
2.687600000000000211e+00 1.110126618000000009e+00
2.688950000000000173e+00 1.110286277650000208e+00
2.690300000000000136e+00 1.110902888700000091e+00
2.691650000000000098e+00 1.110792813650000044e+00
2.693000000000000060e+00 1.107962139000000068e+00
2.694360000000000088e+00 1.108095965399999994e+00
2.695710000000000051e+00 1.109640498719999924e+00
2.697060000000000013e+00 1.111390999499999976e+00
2.698409999999999975e+00 1.112349363839999938e+00
2.699759999999999938e+00 1.113783288240000058e+00
2.701109999999999900e+00 1.114299712740000059e+00
2.702459999999999862e+00 1.115921402879999969e+00
2.703809999999999825e+00 1.118011915949999935e+00
2.705170000000000297e+00 1.119599528580000225e+00
2.706520000000000259e+00 1.121097420920000198e+00
2.707870000000000221e+00 1.121843462299999983e+00
2.709220000000000184e+00 1.122202271519999961e+00
2.710570000000000146e+00 1.122517511820000147e+00
2.711920000000000108e+00 1.125663753600000039e+00
2.713270000000000071e+00 1.128622642280000088e+00
2.714620000000000033e+00 1.129070179640000005e+00
2.715980000000000061e+00 1.130361000219999967e+00
2.717330000000000023e+00 1.131129372450000004e+00
2.718679999999999986e+00 1.132332938680000067e+00
2.720029999999999948e+00 1.130177905059999821e+00
2.721379999999999910e+00 1.133027513340000070e+00
2.722729999999999873e+00 1.136916752449999901e+00
2.724080000000000279e+00 1.134086261520000027e+00
2.725430000000000241e+00 1.135997380020000058e+00
2.726790000000000269e+00 1.138502994750000052e+00
2.728140000000000231e+00 1.139473146360000078e+00
2.729490000000000194e+00 1.140004252380000027e+00
2.730840000000000156e+00 1.140273165360000007e+00
2.732190000000000119e+00 1.140563644260000009e+00
2.733540000000000081e+00 1.139634694319999975e+00
2.734890000000000487e+00 1.137670481760000296e+00
2.736240000000000450e+00 1.139222579040000127e+00
2.737590000000000412e+00 1.138889454210000318e+00
2.738949999999999996e+00 1.136289013849999918e+00
2.740299999999999958e+00 1.135983144099999897e+00
2.741649999999999920e+00 1.138195997500000001e+00
2.743000000000000327e+00 1.139845421000000192e+00
2.744350000000000289e+00 1.139607803600000135e+00
2.745700000000000252e+00 1.138394676999999966e+00
2.747050000000000214e+00 1.138289614400000094e+00
2.748400000000000176e+00 1.138137175600000051e+00
2.749760000000000204e+00 1.138191658240000015e+00
2.751110000000000166e+00 1.136687123139999978e+00
2.752460000000000129e+00 1.135001653140000011e+00
2.753810000000000091e+00 1.132570453939999888e+00
2.755160000000000053e+00 1.128733948799999887e+00
2.756510000000000016e+00 1.129094061099999990e+00
2.757859999999999978e+00 1.129760106860000057e+00
2.759209999999999940e+00 1.129592981899999904e+00
2.760570000000000412e+00 1.129964794110000170e+00
2.761920000000000375e+00 1.127114694720000143e+00
2.763270000000000337e+00 1.127480478480000103e+00
2.764620000000000299e+00 1.129383210060000087e+00
2.765970000000000262e+00 1.130496194520000275e+00
2.767320000000000224e+00 1.129600652759999990e+00
2.768670000000000186e+00 1.131336704070000199e+00
2.770020000000000149e+00 1.132359245820000027e+00
2.771380000000000177e+00 1.132726747740000039e+00
2.772730000000000139e+00 1.135252707550000073e+00
2.774080000000000101e+00 1.137633563520000113e+00
2.775430000000000064e+00 1.138767255289999891e+00
2.776780000000000026e+00 1.139601619120000020e+00
2.778129999999999988e+00 1.141928111459999950e+00
2.779479999999999951e+00 1.145212467519999944e+00
2.780829999999999913e+00 1.146046782919999840e+00
2.782190000000000385e+00 1.148151387010000191e+00
2.783540000000000347e+00 1.150737704320000221e+00
2.784890000000000310e+00 1.153133832520000013e+00
2.786240000000000272e+00 1.152923822079999994e+00
2.787590000000000234e+00 1.155051854449999915e+00
2.788940000000000197e+00 1.158492208720000027e+00
2.790290000000000159e+00 1.160964331170000197e+00
2.791640000000000121e+00 1.162366313360000181e+00
2.793000000000000149e+00 1.164580452000000044e+00
2.794350000000000112e+00 1.166453903550000115e+00
2.795700000000000074e+00 1.167794642700000107e+00
2.797050000000000036e+00 1.169936088750000103e+00
2.798399999999999999e+00 1.172568777600000001e+00
2.799749999999999961e+00 1.174276744499999969e+00
2.801099999999999923e+00 1.175176295099999990e+00
2.802450000000000330e+00 1.175456825550000195e+00
2.803809999999999913e+00 1.177154394210000010e+00
2.805159999999999876e+00 1.178164394840000018e+00
2.806509999999999838e+00 1.179834351919999857e+00
2.807859999999999800e+00 1.181011186739999941e+00
2.809210000000000207e+00 1.181668903610000099e+00
2.810560000000000169e+00 1.181705573120000130e+00
2.811910000000000132e+00 1.182610612519999993e+00
2.813260000000000094e+00 1.183310607940000203e+00
2.814620000000000122e+00 1.182970712899999999e+00
2.815970000000000084e+00 1.183264962059999981e+00
2.817320000000000046e+00 1.183981547319999938e+00
2.818670000000000009e+00 1.185030878740000126e+00
2.820020000000000415e+00 1.184430960160000046e+00
2.821370000000000378e+00 1.184972578630000273e+00
2.822720000000000340e+00 1.185500059200000234e+00
2.824070000000000302e+00 1.185778983810000131e+00
2.825420000000000265e+00 1.185910711180000243e+00
2.826779999999999848e+00 1.185989682900000064e+00
2.828130000000000255e+00 1.186196909640000241e+00
2.829480000000000217e+00 1.186516972680000226e+00
2.830830000000000179e+00 1.186601841930000178e+00
2.832180000000000142e+00 1.186538978820000034e+00
2.833530000000000104e+00 1.186399011000000003e+00
2.834880000000000067e+00 1.186445472960000025e+00
2.836230000000000029e+00 1.186307085870000000e+00
2.837590000000000501e+00 1.185394709730000162e+00
2.838940000000000463e+00 1.185737230860000269e+00
2.840290000000000425e+00 1.186471501410000240e+00
2.841640000000000388e+00 1.187657754720000014e+00
2.842990000000000350e+00 1.187991702330000177e+00
2.844340000000000312e+00 1.188368096340000069e+00
2.845690000000000275e+00 1.188752849220000130e+00
2.847040000000000237e+00 1.189060561920000092e+00
2.848400000000000265e+00 1.189338026399999970e+00
2.849750000000000227e+00 1.189713630000000189e+00
2.851100000000000190e+00 1.189684199200000014e+00
2.852450000000000152e+00 1.189326175050000156e+00
2.853800000000000114e+00 1.188750390000000046e+00
2.855150000000000077e+00 1.188464752950000092e+00
2.856500000000000039e+00 1.188306856500000119e+00
2.857850000000000001e+00 1.188016818549999964e+00
2.859210000000000029e+00 1.187615761650000046e+00
2.860559999999999992e+00 1.186586033039999988e+00
2.861909999999999954e+00 1.186038466020000071e+00
2.863259999999999916e+00 1.186051053059999916e+00
2.864609999999999879e+00 1.186853756759999934e+00
2.865959999999999841e+00 1.187241125759999960e+00
2.867309999999999803e+00 1.187126553509999738e+00
2.868660000000000210e+00 1.187160517080000144e+00
2.870020000000000238e+00 1.187002961739999973e+00
2.871370000000000200e+00 1.186866432650000025e+00
2.872720000000000162e+00 1.186950449600000068e+00
2.874070000000000125e+00 1.187036895120000102e+00
2.875420000000000087e+00 1.186990628520000035e+00
2.876770000000000049e+00 1.186843107970000144e+00
2.878120000000000012e+00 1.186732341479999953e+00
2.879470000000000418e+00 1.186618069120000118e+00
2.880830000000000002e+00 1.186466954669999962e+00
2.882179999999999964e+00 1.186325463259999990e+00
2.883529999999999927e+00 1.186036258419999934e+00
2.884879999999999889e+00 1.185740492719999928e+00
2.886229999999999851e+00 1.184032564050000014e+00
2.887580000000000258e+00 1.183734545200000099e+00
2.888930000000000220e+00 1.183490619520000120e+00
2.890280000000000182e+00 1.183263290319999994e+00
2.891640000000000210e+00 1.183319812440000174e+00
2.892990000000000173e+00 1.184638903140000199e+00
2.894340000000000135e+00 1.184722826160000020e+00
2.895690000000000097e+00 1.184754189359999987e+00
2.897040000000000504e+00 1.184816934000000099e+00
2.898390000000000466e+00 1.184876323950000199e+00
2.899740000000000428e+00 1.184723573880000158e+00
2.901090000000000391e+00 1.184413508850000074e+00
2.902449999999999974e+00 1.184321502900000045e+00
2.903799999999999937e+00 1.184073814600000052e+00
2.905150000000000343e+00 1.183767280800000155e+00
2.906500000000000306e+00 1.183555865000000207e+00
2.907850000000000268e+00 1.183346649650000026e+00
2.909200000000000230e+00 1.183075636400000130e+00
2.910550000000000193e+00 1.182102419200000032e+00
2.911900000000000155e+00 1.181360741900000066e+00
2.913250000000000117e+00 1.181203431749999977e+00
2.914610000000000145e+00 1.181139873280000030e+00
2.915960000000000107e+00 1.181065858600000018e+00
2.917310000000000070e+00 1.180918336070000185e+00
2.918660000000000032e+00 1.180740984340000077e+00
2.920009999999999994e+00 1.180641803280000124e+00
2.921359999999999957e+00 1.179943146719999891e+00
2.922709999999999919e+00 1.179208267439999958e+00
2.924059999999999881e+00 1.178554079239999997e+00
2.925420000000000353e+00 1.177923288420000159e+00
2.926770000000000316e+00 1.178241505979999992e+00
2.928120000000000278e+00 1.177757210760000062e+00
2.929470000000000240e+00 1.177022962890000191e+00
2.930820000000000203e+00 1.176003248280000024e+00
2.932170000000000165e+00 1.174844282580000066e+00
2.933520000000000127e+00 1.173669083280000081e+00
2.934870000000000090e+00 1.172371974810000106e+00
2.936230000000000118e+00 1.171106526810000048e+00
2.937580000000000080e+00 1.169033461639999993e+00
2.938930000000000042e+00 1.167231316660000129e+00
2.940280000000000005e+00 1.165973914560000102e+00
2.941629999999999967e+00 1.164817822510000100e+00
2.942979999999999929e+00 1.163548344719999905e+00
2.944329999999999892e+00 1.163755265490000079e+00
2.945679999999999854e+00 1.162609819439999859e+00
2.947040000000000326e+00 1.161398993600000207e+00
2.948390000000000288e+00 1.160335936110000077e+00
2.949740000000000251e+00 1.159118031440000252e+00
2.951090000000000213e+00 1.158695319970000082e+00
2.952440000000000175e+00 1.156972662800000107e+00
2.953790000000000138e+00 1.155292252380000217e+00
2.955140000000000100e+00 1.153680745720000012e+00
2.956490000000000506e+00 1.152117544590000264e+00
2.957850000000000090e+00 1.150553366550000067e+00
2.959200000000000053e+00 1.148959706399999892e+00
2.960550000000000015e+00 1.147441087350000055e+00
2.961899999999999977e+00 1.145890986299999970e+00
2.963249999999999940e+00 1.144424929499999966e+00
2.964600000000000346e+00 1.143004494599999976e+00
2.965950000000000308e+00 1.141709827050000126e+00
2.967300000000000271e+00 1.140466918500000038e+00
2.968659999999999854e+00 1.139169839120000027e+00
2.970009999999999817e+00 1.137899931300000000e+00
2.971359999999999779e+00 1.136797765599999899e+00
2.972710000000000186e+00 1.135857627450000074e+00
2.974060000000000148e+00 1.134969699380000030e+00
2.975410000000000110e+00 1.135270660910000062e+00
2.976760000000000073e+00 1.136017942040000062e+00
2.978110000000000035e+00 1.135273400660000043e+00
2.979470000000000063e+00 1.134594093879999877e+00
2.980820000000000025e+00 1.133617769280000021e+00
2.982170000000000432e+00 1.132488004010000271e+00
2.983520000000000394e+00 1.131455207200000146e+00
2.984870000000000356e+00 1.130450860490000098e+00
2.986220000000000319e+00 1.129373472900000230e+00
2.987570000000000281e+00 1.128402201430000140e+00
2.988920000000000243e+00 1.128565380360000203e+00
2.990280000000000271e+00 1.127939596560000091e+00
2.991630000000000233e+00 1.127614154490000020e+00
2.992980000000000196e+00 1.127365776600000036e+00
2.994330000000000158e+00 1.127137675920000026e+00
2.995680000000000121e+00 1.126890936959999978e+00
2.997030000000000083e+00 1.126583577000000114e+00
2.998380000000000045e+00 1.126326455100000068e+00
2.999730000000000008e+00 1.126158636600000040e+00
3.001090000000000479e+00 1.125366734740000041e+00
3.002440000000000442e+00 1.125386570560000132e+00
3.003790000000000404e+00 1.124282551520000117e+00
3.005140000000000366e+00 1.123162059580000038e+00
3.006490000000000329e+00 1.122611340040000183e+00
3.007840000000000291e+00 1.122059672800000074e+00
3.009190000000000254e+00 1.120778833880000214e+00
3.010540000000000216e+00 1.119854648120000018e+00
3.011890000000000178e+00 1.119390001730000028e+00
3.013250000000000206e+00 1.118843831000000177e+00
3.014600000000000168e+00 1.118226680200000045e+00
3.015950000000000131e+00 1.117515033250000123e+00
3.017300000000000093e+00 1.116744972200000019e+00
3.018650000000000055e+00 1.115928494700000106e+00
3.020000000000000018e+00 1.115098759999999967e+00
3.021349999999999980e+00 1.113578969500000015e+00
3.022699999999999942e+00 1.111993898699999983e+00
3.024059999999999970e+00 1.110359230499999850e+00
3.025409999999999933e+00 1.108640316630000067e+00
3.026759999999999895e+00 1.106737820760000046e+00
3.028109999999999857e+00 1.104793821059999903e+00
3.029459999999999820e+00 1.102808264879999944e+00
3.030809999999999782e+00 1.101441816149999919e+00
3.032160000000000188e+00 1.100431507200000159e+00
3.033510000000000151e+00 1.099377392609999893e+00
3.034870000000000179e+00 1.098270895079999976e+00
3.036220000000000141e+00 1.097347596180000107e+00
3.037570000000000103e+00 1.097130795590000041e+00
3.038920000000000066e+00 1.095801123880000061e+00
3.040270000000000028e+00 1.094630971880000025e+00
3.041620000000000434e+00 1.094025089700000120e+00
3.042970000000000397e+00 1.093421281190000149e+00
3.044320000000000359e+00 1.092712999200000201e+00
3.045679999999999943e+00 1.092028563999999813e+00
3.047029999999999905e+00 1.091302935589999912e+00
3.048379999999999868e+00 1.091057879320000090e+00
3.049730000000000274e+00 1.091062255610000031e+00
3.051080000000000236e+00 1.090050198360000167e+00
3.052430000000000199e+00 1.088942192780000040e+00
3.053780000000000161e+00 1.087863318300000159e+00
3.055130000000000123e+00 1.086761678210000026e+00
3.056490000000000151e+00 1.085784451110000104e+00
3.057840000000000114e+00 1.084796260560000114e+00
3.059190000000000076e+00 1.083806774010000140e+00
3.060540000000000482e+00 1.083360767580000106e+00
3.061890000000000445e+00 1.083746779830000229e+00
3.063240000000000407e+00 1.084193975880000105e+00
3.064590000000000369e+00 1.084699372140000007e+00
3.065940000000000332e+00 1.086455696220000045e+00
3.067300000000000360e+00 1.087084860300000067e+00
3.068650000000000322e+00 1.088542214500000105e+00
3.070000000000000284e+00 1.089684220000000092e+00
3.071350000000000247e+00 1.089714980000000111e+00
3.072700000000000209e+00 1.089705400699999993e+00
3.074050000000000171e+00 1.089833724350000033e+00
3.075400000000000134e+00 1.090010946600000086e+00
3.076750000000000096e+00 1.090246362500000066e+00
3.078110000000000124e+00 1.090509732690000178e+00
3.079460000000000086e+00 1.090849433640000088e+00
3.080810000000000048e+00 1.091835983189999970e+00
3.082160000000000011e+00 1.093374684879999892e+00
3.083509999999999973e+00 1.094945150470000073e+00
3.084859999999999935e+00 1.096587523640000006e+00
3.086209999999999898e+00 1.098252518180000026e+00
3.087559999999999860e+00 1.100029701679999805e+00
3.088920000000000332e+00 1.101780696960000139e+00
3.090270000000000294e+00 1.103693020770000199e+00
3.091620000000000257e+00 1.105918848300000201e+00
3.092970000000000219e+00 1.108127640810000036e+00
3.094320000000000181e+00 1.111572573599999947e+00
3.095670000000000144e+00 1.113812778990000085e+00
3.097020000000000106e+00 1.116054515280000103e+00
3.098370000000000068e+00 1.118322569430000080e+00
3.099720000000000031e+00 1.120582876920000137e+00
3.101080000000000059e+00 1.122417299519999911e+00
3.102430000000000021e+00 1.124087949750000037e+00
3.103779999999999983e+00 1.125762732459999915e+00
3.105129999999999946e+00 1.127373338840000017e+00
3.106479999999999908e+00 1.129040836559999983e+00
3.107829999999999870e+00 1.130740435879999950e+00
3.109180000000000277e+00 1.132413102879999967e+00
3.110530000000000239e+00 1.134133453830000082e+00
3.111890000000000267e+00 1.136144815219999993e+00
3.113240000000000229e+00 1.138132052720000065e+00
3.114590000000000192e+00 1.140089440319999925e+00
3.115940000000000154e+00 1.142026285340000058e+00
3.117290000000000116e+00 1.144008022520000001e+00
3.118640000000000079e+00 1.145944268000000044e+00
3.119990000000000485e+00 1.147863040940000134e+00
3.121340000000000447e+00 1.152027288540000249e+00
3.122700000000000031e+00 1.154840036700000017e+00
3.124049999999999994e+00 1.157619851550000023e+00
3.125399999999999956e+00 1.160420389799999841e+00
3.126750000000000362e+00 1.163169760500000205e+00
3.128100000000000325e+00 1.165946097299999984e+00
3.129450000000000287e+00 1.168680584700000136e+00
3.130800000000000249e+00 1.171154009999999968e+00
3.132150000000000212e+00 1.173400486650000074e+00
3.133509999999999796e+00 1.175649082859999917e+00
3.134860000000000202e+00 1.177826464340000046e+00
3.136210000000000164e+00 1.180055464280000077e+00
3.137560000000000127e+00 1.182263983599999957e+00
3.138910000000000089e+00 1.184467688500000060e+00
3.140260000000000051e+00 1.186738796860000056e+00
3.141610000000000014e+00 1.189404121170000161e+00
3.142959999999999976e+00 1.192014724400000114e+00
3.144320000000000004e+00 1.194652940799999952e+00
3.145670000000000410e+00 1.197201108290000260e+00
3.147020000000000373e+00 1.199861168380000231e+00
3.148370000000000335e+00 1.203927242890000082e+00
3.149720000000000297e+00 1.206613635920000149e+00
3.151070000000000260e+00 1.209204206080000121e+00
3.152420000000000222e+00 1.211831229459999992e+00
3.153770000000000184e+00 1.214447444059999937e+00
3.155130000000000212e+00 1.217116638540000073e+00
3.156480000000000175e+00 1.219752253440000045e+00
3.157830000000000137e+00 1.222455991769999972e+00
3.159180000000000099e+00 1.225098412200000153e+00
3.160530000000000062e+00 1.227742644330000132e+00
3.161880000000000024e+00 1.230259051079999999e+00
3.163229999999999986e+00 1.232821444050000048e+00
3.164579999999999949e+00 1.235344436279999902e+00
3.165940000000000420e+00 1.237923697220000063e+00
3.167290000000000383e+00 1.240503968690000125e+00
3.168640000000000345e+00 1.243108170240000199e+00
3.169990000000000308e+00 1.245688780370000082e+00
3.171340000000000270e+00 1.249143255899999971e+00
3.172690000000000232e+00 1.253558373209999965e+00
3.174040000000000195e+00 1.257354683480000235e+00
3.175390000000000157e+00 1.260731442480000020e+00
3.176750000000000185e+00 1.264149541500000140e+00
3.178100000000000147e+00 1.267559760199999941e+00
3.179450000000000109e+00 1.270981958050000138e+00
3.180800000000000072e+00 1.274155321600000113e+00
3.182150000000000034e+00 1.277149538199999990e+00
3.183499999999999996e+00 1.280168120999999992e+00
3.184849999999999959e+00 1.283150586199999887e+00
3.186200000000000365e+00 1.286100071400000155e+00
3.187550000000000328e+00 1.288994219200000124e+00
3.188909999999999911e+00 1.291945430670000006e+00
3.190259999999999874e+00 1.294865919059999815e+00
3.191609999999999836e+00 1.297833098789999751e+00
3.192959999999999798e+00 1.300770395519999845e+00
3.194310000000000205e+00 1.303738460640000207e+00
3.195660000000000167e+00 1.306593525900000108e+00
3.197010000000000129e+00 1.309479310950000031e+00
3.198360000000000092e+00 1.313838312600000169e+00
3.199720000000000120e+00 1.316719976920000201e+00
3.201070000000000082e+00 1.319391424039999983e+00
3.202420000000000044e+00 1.322029429240000109e+00
3.203770000000000007e+00 1.324694819600000129e+00
3.205120000000000413e+00 1.327313909760000188e+00
3.206470000000000375e+00 1.329841748390000244e+00
3.207820000000000338e+00 1.332409738660000009e+00
3.209170000000000300e+00 1.334928072410000111e+00
3.210529999999999884e+00 1.337423324219999987e+00
3.211880000000000290e+00 1.339896767720000215e+00
3.213230000000000253e+00 1.340800548250000057e+00
3.214580000000000215e+00 1.343237969640000085e+00
3.215930000000000177e+00 1.345670533270000080e+00
3.217280000000000140e+00 1.348091796480000104e+00
3.218630000000000102e+00 1.350427714580000105e+00
3.219980000000000064e+00 1.352848837160000040e+00
3.221340000000000092e+00 1.356129377220000043e+00
3.222690000000000499e+00 1.359952621170000153e+00
3.224040000000000461e+00 1.362672746400000134e+00
3.225390000000000423e+00 1.365459180330000022e+00
3.226740000000000386e+00 1.368215201760000221e+00
3.228090000000000348e+00 1.370976279180000201e+00
3.229440000000000310e+00 1.373706892800000245e+00
3.230790000000000273e+00 1.376051615220000190e+00
3.232150000000000301e+00 1.378107956250000043e+00
3.233500000000000263e+00 1.380132170500000033e+00
3.234850000000000225e+00 1.382212586800000143e+00
3.236200000000000188e+00 1.384258660400000007e+00
3.237550000000000150e+00 1.386318910000000182e+00
3.238900000000000112e+00 1.388354485000000027e+00
3.240250000000000075e+00 1.390456080000000094e+00
3.241600000000000037e+00 1.392390380799999994e+00
3.242960000000000065e+00 1.394323623840000081e+00
3.244310000000000027e+00 1.396711142409999828e+00
3.245659999999999989e+00 1.399836929699999954e+00
3.247009999999999952e+00 1.401776428130000030e+00
3.248359999999999914e+00 1.403769028919999995e+00
3.249709999999999877e+00 1.405808297449999911e+00
3.251059999999999839e+00 1.408180383699999982e+00
3.252409999999999801e+00 1.410671041709999907e+00
3.253770000000000273e+00 1.413118818540000099e+00
3.255120000000000235e+00 1.415628902159999924e+00
3.256470000000000198e+00 1.418114529719999961e+00
3.257820000000000160e+00 1.420692950340000094e+00
3.259170000000000122e+00 1.423256724810000096e+00
3.260520000000000085e+00 1.425766706640000159e+00
3.261870000000000047e+00 1.428098875919999955e+00
3.263220000000000010e+00 1.430533646820000060e+00
3.264580000000000037e+00 1.433023301380000003e+00
3.265930000000000000e+00 1.435470946969999995e+00
3.267279999999999962e+00 1.438377545359999843e+00
3.268629999999999924e+00 1.442057452030000020e+00
3.269979999999999887e+00 1.444579064599999851e+00
3.271330000000000293e+00 1.446660637920000214e+00
3.272680000000000256e+00 1.448825254040000177e+00
3.274030000000000218e+00 1.450987889430000122e+00
3.275390000000000246e+00 1.453198832080000225e+00
3.276740000000000208e+00 1.455383731439999995e+00
3.278090000000000170e+00 1.457540434790000061e+00
3.279440000000000133e+00 1.459629552400000030e+00
3.280790000000000095e+00 1.461801915560000165e+00
3.282140000000000502e+00 1.464031368400000366e+00
3.283490000000000464e+00 1.466226042050000400e+00
3.284840000000000426e+00 1.468507431040000144e+00
3.286190000000000389e+00 1.470773768780000212e+00
3.287549999999999972e+00 1.473026228099999946e+00
3.288900000000000379e+00 1.475153872500000185e+00
3.290250000000000341e+00 1.479046341000000098e+00
3.291600000000000303e+00 1.481190375599999998e+00
3.292950000000000266e+00 1.483391651250000276e+00
3.294300000000000228e+00 1.485607410900000147e+00
3.295650000000000190e+00 1.487827783800000248e+00
3.297000000000000153e+00 1.490062664999999953e+00
3.298360000000000181e+00 1.492214345960000133e+00
3.299710000000000143e+00 1.494418860740000188e+00
3.301060000000000105e+00 1.496245057719999938e+00
3.302410000000000068e+00 1.498002897689999946e+00
3.303760000000000030e+00 1.499725333200000010e+00
3.305109999999999992e+00 1.501518083219999911e+00
3.306459999999999955e+00 1.503338248820000000e+00
3.307809999999999917e+00 1.505116398389999999e+00
3.309169999999999945e+00 1.506903361240000017e+00
3.310519999999999907e+00 1.508603963999999964e+00
3.311869999999999870e+00 1.511752739549999891e+00
3.313219999999999832e+00 1.513531907519999997e+00
3.314569999999999794e+00 1.515136350979999991e+00
3.315919999999999757e+00 1.516738283120000030e+00
3.317269999999999719e+00 1.518427266179999791e+00
3.318619999999999681e+00 1.520100528239999971e+00
3.319980000000000597e+00 1.521775912620000337e+00
3.321330000000000560e+00 1.523321361840000332e+00
3.322680000000000522e+00 1.524771206640000099e+00
3.324030000000000484e+00 1.526301503160000239e+00
3.325380000000000447e+00 1.527842515620000174e+00
3.326730000000000409e+00 1.529470770960000170e+00
3.328080000000000371e+00 1.531103172480000163e+00
3.329430000000000334e+00 1.532799653970000175e+00
3.330790000000000362e+00 1.533412446250000061e+00
3.332140000000000324e+00 1.533160931820000128e+00
3.333490000000000286e+00 1.532945378380000001e+00
3.334840000000000249e+00 1.534226490400000253e+00
3.336190000000000211e+00 1.534313781000000043e+00
3.337540000000000173e+00 1.534070223140000078e+00
3.338890000000000136e+00 1.533939488239999926e+00
3.340240000000000098e+00 1.533130077120000045e+00
3.341600000000000126e+00 1.529009228799999898e+00
3.342950000000000088e+00 1.524856555950000025e+00
3.344300000000000050e+00 1.520636488500000105e+00
3.345650000000000013e+00 1.516469392899999935e+00
3.346999999999999975e+00 1.512271662999999933e+00
3.348350000000000382e+00 1.508153761950000282e+00
3.349700000000000344e+00 1.504015300000000277e+00
3.351050000000000306e+00 1.494507981100000160e+00
3.352409999999999890e+00 1.483531940069999999e+00
3.353759999999999852e+00 1.472508573120000053e+00
3.355109999999999815e+00 1.461459075119999840e+00
3.356460000000000221e+00 1.450323009540000152e+00
3.357810000000000183e+00 1.439180870670000223e+00
3.359160000000000146e+00 1.427945324400000215e+00
3.360510000000000108e+00 1.421942677829999946e+00
3.361860000000000070e+00 1.424463786180000024e+00
3.363219999999999654e+00 1.426953708039999880e+00
3.364570000000000061e+00 1.429504855900000093e+00
3.365920000000000023e+00 1.432017200320000017e+00
3.367269999999999985e+00 1.434547936289999992e+00
3.368619999999999948e+00 1.437022974420000043e+00
3.369969999999999910e+00 1.439509645259999804e+00
3.371319999999999872e+00 1.453831180199999906e+00
3.372669999999999835e+00 1.469509418369999931e+00
3.374019999999999797e+00 1.486411014919999829e+00
3.375380000000000269e+00 1.501038236760000144e+00
3.376730000000000231e+00 1.515763446050000018e+00
3.378080000000000638e+00 1.530469546720000240e+00
3.379430000000000600e+00 1.545190296620000181e+00
3.380780000000000562e+00 1.554374459040000378e+00
3.382130000000000525e+00 1.559469703830000054e+00
3.383480000000000487e+00 1.564578671160000267e+00
3.384830000000000449e+00 1.569626906920000398e+00
3.386190000000000477e+00 1.574717183790000252e+00
3.387540000000000440e+00 1.579735240980000288e+00
3.388890000000000402e+00 1.584716130690000169e+00
3.390240000000000364e+00 1.588771561440000202e+00
3.391590000000000327e+00 1.588539357840000221e+00
3.392940000000000289e+00 1.588286108100000149e+00
3.394290000000000251e+00 1.587876016320000083e+00
3.395640000000000214e+00 1.587465095640000046e+00
3.397000000000000242e+00 1.586993475000000098e+00
3.398350000000000204e+00 1.586441535450000107e+00
3.399700000000000166e+00 1.585871657800000056e+00
3.401050000000000129e+00 1.585076357749999998e+00
3.402400000000000091e+00 1.584279926400000038e+00
3.403750000000000053e+00 1.583387058750000076e+00
3.405100000000000016e+00 1.582431692400000145e+00
3.406449999999999978e+00 1.581454631850000014e+00
3.407810000000000006e+00 1.580443451509999875e+00
3.409159999999999968e+00 1.579709287520000061e+00
3.410509999999999931e+00 1.580443976039999976e+00
3.411859999999999893e+00 1.580090367619999991e+00
3.413209999999999855e+00 1.579684786149999853e+00
3.414559999999999818e+00 1.579237414559999886e+00
3.415910000000000224e+00 1.580391256960000046e+00
3.417260000000000186e+00 1.580028254419999945e+00
3.418619999999999770e+00 1.579559696519999834e+00
3.419969999999999732e+00 1.579034348699999812e+00
3.421319999999999695e+00 1.579821880559999947e+00
3.422669999999999657e+00 1.580633500709999861e+00
3.424020000000000064e+00 1.581472661520000100e+00
3.425370000000000026e+00 1.582383925200000041e+00
3.426719999999999988e+00 1.583233734720000063e+00
3.428069999999999951e+00 1.584118003139999953e+00
3.429430000000000422e+00 1.585017386830000152e+00
3.430780000000000385e+00 1.585644761960000038e+00
3.432130000000000347e+00 1.586090236900000061e+00
3.433480000000000310e+00 1.586518404040000219e+00
3.434830000000000272e+00 1.587015113880000161e+00
3.436180000000000234e+00 1.587401766060000163e+00
3.437530000000000641e+00 1.587757294170000222e+00
3.438880000000000603e+00 1.588129806080000206e+00
3.440240000000000187e+00 1.588386329920000062e+00
3.441590000000000149e+00 1.588121705500000092e+00
3.442940000000000111e+00 1.587832283900000085e+00
3.444290000000000518e+00 1.589501947810000093e+00
3.445640000000000480e+00 1.589346243320000074e+00
3.446990000000000443e+00 1.589214057560000226e+00
3.448340000000000405e+00 1.589770948500000225e+00
3.449690000000000367e+00 1.590859040400000257e+00
3.451049999999999951e+00 1.591582847400000000e+00
3.452400000000000357e+00 1.592505810000000022e+00
3.453750000000000320e+00 1.593432461250000154e+00
3.455100000000000282e+00 1.594404266399999992e+00
3.456450000000000244e+00 1.595355605550000000e+00
3.457800000000000207e+00 1.596417850799999982e+00
3.459150000000000169e+00 1.597518489600000091e+00
3.460500000000000131e+00 1.599176641500000162e+00
3.461850000000000094e+00 1.601714910599999930e+00
3.463210000000000122e+00 1.604217746570000047e+00
3.464560000000000084e+00 1.606783243119999982e+00
3.465910000000000046e+00 1.609322524390000009e+00
3.467260000000000009e+00 1.611877165099999898e+00
3.468609999999999971e+00 1.614447181449999880e+00
3.469959999999999933e+00 1.617004829959999945e+00
3.471309999999999896e+00 1.618536471909999941e+00
3.472659999999999858e+00 1.620027143940000025e+00
3.474019999999999886e+00 1.621585685499999929e+00
3.475369999999999848e+00 1.623147230909999905e+00
3.476719999999999811e+00 1.626037606959999993e+00
3.478069999999999773e+00 1.628164562609999866e+00
3.479419999999999735e+00 1.630504923879999790e+00
3.480769999999999698e+00 1.633789899519999977e+00
3.482119999999999660e+00 1.636484972159999884e+00
3.483470000000000066e+00 1.639164225850000101e+00
3.484830000000000538e+00 1.641888108990000150e+00
3.486180000000000501e+00 1.644567067020000328e+00
3.487530000000000463e+00 1.647285970080000217e+00
3.488880000000000425e+00 1.650002996160000235e+00
3.490230000000000388e+00 1.652742572820000255e+00
3.491580000000000350e+00 1.655913239220000222e+00
3.492930000000000312e+00 1.659019497450000324e+00
3.494280000000000275e+00 1.662131156160000067e+00
3.495640000000000303e+00 1.665228513720000025e+00
3.496990000000000265e+00 1.668267055420000089e+00
3.498340000000000227e+00 1.671335433340000121e+00
3.499690000000000190e+00 1.674328689180000218e+00
3.501040000000000152e+00 1.677124197440000186e+00
3.502390000000000114e+00 1.679840808530000063e+00
3.503740000000000521e+00 1.682513466700000127e+00
3.505090000000000483e+00 1.685194695650000352e+00
3.506450000000000067e+00 1.687822694600000117e+00
3.507800000000000029e+00 1.692029423599999971e+00
3.509149999999999991e+00 1.695028233649999994e+00
3.510499999999999954e+00 1.698562445999999948e+00
3.511850000000000360e+00 1.702242860899999988e+00
3.513200000000000323e+00 1.704980552400000127e+00
3.514550000000000285e+00 1.707877999750000209e+00
3.515900000000000247e+00 1.710794749200000187e+00
3.517259999999999831e+00 1.713500036939999971e+00
3.518610000000000237e+00 1.716096469200000030e+00
3.519960000000000200e+00 1.718631029880000050e+00
3.521310000000000162e+00 1.720945187130000109e+00
3.522660000000000124e+00 1.723243000080000087e+00
3.524010000000000087e+00 1.725429300209999850e+00
3.525360000000000049e+00 1.727630870879999891e+00
3.526710000000000012e+00 1.729808934479999838e+00
3.528070000000000039e+00 1.731954259489999925e+00
3.529420000000000002e+00 1.734116987439999980e+00
3.530769999999999964e+00 1.736079609000000135e+00
3.532119999999999926e+00 1.737965517519999947e+00
3.533469999999999889e+00 1.739845293299999929e+00
3.534819999999999851e+00 1.743369689179999904e+00
3.536169999999999813e+00 1.745587886460000071e+00
3.537519999999999776e+00 1.747368616559999754e+00
3.538880000000000248e+00 1.749183450880000157e+00
3.540230000000000654e+00 1.750912792480000313e+00
3.541580000000000616e+00 1.752143581300000141e+00
3.542930000000000579e+00 1.755249009390000392e+00
3.544280000000000541e+00 1.756655040680000335e+00
3.545630000000000503e+00 1.757933990890000242e+00
3.546980000000000466e+00 1.759220499460000253e+00
3.548330000000000428e+00 1.760454252880000237e+00
3.549680000000000391e+00 1.761720382720000311e+00
3.551040000000000418e+00 1.762910256960000144e+00
3.552390000000000381e+00 1.765967669190000144e+00
3.553740000000000343e+00 1.767090107520000286e+00
3.555090000000000305e+00 1.768156007310000222e+00
3.556440000000000268e+00 1.769275553400000200e+00
3.557790000000000230e+00 1.770441690960000258e+00
3.559140000000000192e+00 1.771601085540000176e+00
3.560490000000000155e+00 1.772881906680000119e+00
3.561850000000000183e+00 1.774307082700000038e+00
3.563200000000000145e+00 1.775770604799999930e+00
3.564550000000000107e+00 1.777273936350000083e+00
3.565900000000000070e+00 1.778742237999999976e+00
3.567250000000000032e+00 1.780243247000000029e+00
3.568599999999999994e+00 1.782976049399999985e+00
3.569949999999999957e+00 1.785321285149999992e+00
3.571300000000000363e+00 1.786685677000000139e+00
3.572659999999999947e+00 1.788027013500000040e+00
3.574009999999999909e+00 1.789396012690000148e+00
3.575359999999999872e+00 1.790772686399999980e+00
3.576709999999999834e+00 1.792117698920000057e+00
3.578060000000000240e+00 1.795538491140000081e+00
3.579410000000000203e+00 1.796938987610000371e+00
3.580760000000000165e+00 1.798218283640000026e+00
3.582110000000000127e+00 1.799440719510000175e+00
3.583469999999999711e+00 1.800665007240000115e+00
3.584819999999999673e+00 1.803677089259999811e+00
3.586170000000000080e+00 1.805389149269999827e+00
3.587520000000000042e+00 1.806707359679999847e+00
3.588870000000000005e+00 1.808076294870000211e+00
3.590219999999999967e+00 1.809352402740000088e+00
3.591569999999999929e+00 1.810413464609999856e+00
3.592919999999999892e+00 1.811489184360000060e+00
3.594280000000000364e+00 1.812519924120000292e+00
3.595630000000000326e+00 1.813628580740000107e+00
3.596980000000000288e+00 1.814766334500000244e+00
3.598330000000000251e+00 1.815875644520000165e+00
3.599680000000000657e+00 1.817032071680000360e+00
3.601030000000000619e+00 1.818217663480000468e+00
3.602380000000000582e+00 1.819457668980000387e+00
3.603730000000000544e+00 1.822222470770000324e+00
3.605090000000000128e+00 1.823890737890000002e+00
3.606440000000000534e+00 1.825002897600000340e+00
3.607790000000000497e+00 1.826090124080000487e+00
3.609140000000000459e+00 1.827166825539999984e+00
3.610490000000000421e+00 1.828290757670000266e+00
3.611840000000000384e+00 1.829259710080000101e+00
3.613190000000000346e+00 1.830203583460000338e+00
3.614540000000000308e+00 1.831169338480000075e+00
3.615900000000000336e+00 1.832100596100000089e+00
3.617250000000000298e+00 1.833030585749999997e+00
3.618600000000000261e+00 1.833913717199999960e+00
3.619950000000000223e+00 1.836697470900000129e+00
3.621300000000000185e+00 1.837635927600000052e+00
3.622650000000000148e+00 1.838447780550000132e+00
3.624000000000000110e+00 1.839285096000000008e+00
3.625350000000000072e+00 1.840162403699999949e+00
3.626710000000000100e+00 1.840986903490000159e+00
3.628060000000000063e+00 1.841835451839999971e+00
3.629410000000000025e+00 1.842673233460000004e+00
3.630759999999999987e+00 1.843572851400000046e+00
3.632109999999999950e+00 1.844607016709999936e+00
3.633459999999999912e+00 1.845586939319999953e+00
3.634809999999999874e+00 1.846545271770000163e+00
3.636159999999999837e+00 1.847583802239999740e+00
3.637519999999999865e+00 1.848620401680000080e+00
3.638869999999999827e+00 1.849655815350000010e+00
3.640219999999999789e+00 1.850731530639999844e+00
3.641569999999999752e+00 1.851971405479999833e+00
3.642919999999999714e+00 1.853211690719999583e+00
3.644269999999999676e+00 1.854423232199999827e+00
3.645620000000000083e+00 1.855591415040000136e+00
3.646970000000000045e+00 1.856756307309999965e+00
3.648320000000000007e+00 1.857870476800000059e+00
3.649680000000000479e+00 1.860486424560000129e+00
3.651030000000000442e+00 1.862605813770000340e+00
3.652380000000000404e+00 1.864025004420000187e+00
3.653730000000000366e+00 1.865477618640000168e+00
3.655080000000000329e+00 1.866952727640000198e+00
3.656430000000000291e+00 1.868369914260000320e+00
3.657780000000000253e+00 1.869783980400000045e+00
3.659130000000000660e+00 1.871151012450000151e+00
3.660490000000000244e+00 1.872380900390000269e+00
3.661840000000000206e+00 1.873455933440000054e+00
3.663190000000000168e+00 1.874498281279999956e+00
3.664540000000000131e+00 1.875577533720000023e+00
3.665890000000000537e+00 1.876723058380000309e+00
3.667240000000000499e+00 1.877843247160000395e+00
3.668590000000000462e+00 1.878982094790000223e+00
3.669940000000000424e+00 1.882088359660000432e+00
3.671300000000000008e+00 1.883516409400000091e+00
3.672649999999999970e+00 1.884840706500000129e+00
3.674000000000000377e+00 1.886128728000000310e+00
3.675350000000000339e+00 1.887358381300000332e+00
3.676700000000000301e+00 1.888636225900000243e+00
3.678050000000000264e+00 1.889932890050000092e+00
3.679400000000000226e+00 1.891252073400000011e+00
3.680750000000000188e+00 1.892597480999999915e+00
3.682110000000000216e+00 1.893878550059999943e+00
3.683460000000000178e+00 1.895177004600000270e+00
3.684810000000000141e+00 1.896501695610000260e+00
3.686160000000000103e+00 1.897738380479999876e+00
3.687510000000000066e+00 1.898975462249999913e+00
3.688860000000000028e+00 1.900198185479999857e+00
3.690209999999999990e+00 1.901281066829999977e+00
3.691559999999999953e+00 1.901995075680000147e+00
3.692919999999999980e+00 1.902743793719999799e+00
3.694269999999999943e+00 1.905707650849999713e+00
3.695619999999999905e+00 1.906507532459999821e+00
3.696969999999999867e+00 1.907255732090000100e+00
3.698319999999999830e+00 1.907989176239999862e+00
3.699669999999999792e+00 1.908752244749999827e+00
3.701019999999999754e+00 1.909448743499999823e+00
3.702369999999999717e+00 1.910119325659999756e+00
3.703730000000000633e+00 1.910820974140000184e+00
3.705080000000000595e+00 1.911480412640000459e+00
3.706430000000000557e+00 1.912169475580000277e+00
3.707780000000000520e+00 1.912899318700000295e+00
3.709130000000000482e+00 1.913610640470000401e+00
3.710480000000000445e+00 1.914436997920000216e+00
3.711830000000000407e+00 1.915419346730000250e+00
3.713180000000000369e+00 1.916372198000000138e+00
3.714540000000000397e+00 1.917352684500000404e+00
3.715890000000000359e+00 1.918291053600000406e+00
3.717240000000000322e+00 1.919192425799999935e+00
3.718590000000000284e+00 1.920116258040000190e+00
3.719940000000000246e+00 1.921021655280000129e+00
3.721290000000000209e+00 1.921956974040000210e+00
3.722640000000000171e+00 1.922959473119999929e+00
3.723990000000000133e+00 1.923951021630000202e+00
3.725350000000000161e+00 1.924977753399999880e+00
3.726700000000000124e+00 1.926014460500000247e+00
3.728050000000000086e+00 1.926991764499999871e+00
3.729400000000000048e+00 1.927961812199999736e+00
3.730750000000000011e+00 1.928943249250000047e+00
3.732099999999999973e+00 1.929913695200000001e+00
3.733450000000000379e+00 1.930925406200000083e+00
3.734800000000000342e+00 1.931941078800000211e+00
3.736150000000000304e+00 1.935194934750000151e+00
3.737509999999999888e+00 1.936295543209999748e+00
3.738859999999999850e+00 1.937398735939999783e+00
3.740209999999999813e+00 1.938891202109999989e+00
3.741560000000000219e+00 1.941461809960000062e+00
3.742910000000000181e+00 1.942297057570000263e+00
3.744260000000000144e+00 1.943091215519999970e+00
3.745610000000000106e+00 1.943904169020000294e+00
3.746960000000000068e+00 1.944705962640000285e+00
3.748320000000000096e+00 1.945539257760000140e+00
3.749670000000000059e+00 1.946416200300000288e+00
3.751020000000000021e+00 1.947267012600000013e+00
3.752369999999999983e+00 1.948144199489999950e+00
3.753719999999999946e+00 1.949081572800000162e+00
3.755069999999999908e+00 1.950000340860000181e+00
3.756419999999999870e+00 1.950926778359999947e+00
3.757769999999999833e+00 1.951872166709999856e+00
3.759130000000000305e+00 1.952796611529999948e+00
3.760480000000000267e+00 1.953716018720000003e+00
3.761830000000000673e+00 1.954624297020000290e+00
3.763180000000000636e+00 1.955506381560000451e+00
3.764530000000000598e+00 1.956448828180000321e+00
3.765880000000000560e+00 1.957432872280000513e+00
3.767230000000000523e+00 1.958420886110000314e+00
3.768580000000000485e+00 1.959458096680000372e+00
3.769940000000000513e+00 1.960504517840000460e+00
3.771290000000000475e+00 1.961466785450000305e+00
3.772640000000000438e+00 1.962448102560000018e+00
3.773990000000000400e+00 1.963437167450000187e+00
3.775340000000000362e+00 1.964392459479999964e+00
3.776690000000000325e+00 1.966937918900000248e+00
3.778040000000000287e+00 1.968600634560000007e+00
3.779390000000000249e+00 1.969538393140000121e+00
3.780750000000000277e+00 1.970685691500000170e+00
3.782100000000000239e+00 1.971968029500000386e+00
3.783450000000000202e+00 1.973239430250000259e+00
3.784800000000000164e+00 1.974552868800000027e+00
3.786150000000000126e+00 1.975866742050000013e+00
3.787500000000000089e+00 1.977131812500000141e+00
3.788850000000000051e+00 1.978404860249999953e+00
3.790200000000000014e+00 1.979557026600000214e+00
3.791560000000000041e+00 1.980202874960000026e+00
3.792910000000000004e+00 1.980870004960000097e+00
3.794259999999999966e+00 1.981529519440000220e+00
3.795609999999999928e+00 1.982185205910000025e+00
3.796959999999999891e+00 1.982890217759999851e+00
3.798309999999999853e+00 1.983542053270000105e+00
3.799659999999999815e+00 1.984171053020000075e+00
3.801010000000000222e+00 1.985271324010000171e+00
3.802369999999999806e+00 1.986411321180000078e+00
3.803719999999999768e+00 1.987489344639999711e+00
3.805069999999999730e+00 1.988617098609999578e+00
3.806419999999999693e+00 1.989695668819999819e+00
3.807770000000000099e+00 1.990759272550000070e+00
3.809120000000000061e+00 1.991842175679999993e+00
3.810470000000000024e+00 1.992746254020000274e+00
3.811819999999999986e+00 1.993452258120000042e+00
3.813180000000000458e+00 1.994201623680000202e+00
3.814530000000000420e+00 1.994907641280000199e+00
3.815880000000000383e+00 1.995602211240000257e+00
3.817230000000000345e+00 1.996812099150000241e+00
3.818580000000000307e+00 1.999202284679999941e+00
3.819930000000000270e+00 1.999775374229999958e+00
3.821280000000000676e+00 2.000382760800000437e+00
3.822630000000000638e+00 2.000959496130000126e+00
3.823980000000000601e+00 2.001509371800000547e+00
3.825340000000000185e+00 2.002068195800000172e+00
3.826690000000000147e+00 2.002568104040000296e+00
3.828040000000000109e+00 2.003044898240000204e+00
3.829390000000000516e+00 2.003559824339999906e+00
3.830740000000000478e+00 2.004040138780000202e+00
3.832090000000000440e+00 2.004455148389999941e+00
3.833440000000000403e+00 2.004866119359999921e+00
3.834790000000000365e+00 2.005192517050000234e+00
3.836150000000000393e+00 2.005504694650000364e+00
3.837500000000000355e+00 2.005876600000000121e+00
3.838850000000000318e+00 2.008064046500000366e+00
3.840200000000000280e+00 2.008655012000000184e+00
3.841550000000000242e+00 2.008950097150000058e+00
3.842900000000000205e+00 2.009210307300000053e+00
3.844250000000000167e+00 2.009450982999999802e+00
3.845600000000000129e+00 2.009691332000000052e+00
3.846960000000000157e+00 2.009886568559999809e+00
3.848310000000000120e+00 2.010037734269999987e+00
3.849660000000000082e+00 2.010207759480000078e+00
3.851010000000000044e+00 2.010331197270000203e+00
3.852360000000000007e+00 2.010407999039999893e+00
3.853709999999999969e+00 2.010488214420000030e+00
3.855059999999999931e+00 2.010552572159999940e+00
3.856409999999999894e+00 2.010597199649999833e+00
3.857769999999999921e+00 2.012467444819999951e+00
3.859119999999999884e+00 2.013086793279999842e+00
3.860469999999999846e+00 2.013107709489999841e+00
3.861819999999999808e+00 2.013201522380000164e+00
3.863169999999999771e+00 2.013287182329999592e+00
3.864519999999999733e+00 2.013337629600000067e+00
3.865869999999999695e+00 2.013418547530000158e+00
3.867220000000000102e+00 2.013475827440000199e+00
3.868580000000000574e+00 2.013510781240000380e+00
3.869930000000000536e+00 2.013571018160000392e+00
3.871280000000000499e+00 2.013580480239999915e+00
3.872630000000000461e+00 2.013546860090000390e+00
3.873980000000000423e+00 2.013532096840000563e+00
3.875330000000000386e+00 2.013543961400000359e+00
3.876680000000000348e+00 2.013559222040000041e+00
3.878030000000000310e+00 2.013601150990000033e+00
3.879390000000000338e+00 2.013682726079999874e+00
3.880740000000000300e+00 2.013739270439999896e+00
3.882090000000000263e+00 2.013830305410000410e+00
3.883440000000000225e+00 2.013967517759999826e+00
3.884790000000000187e+00 2.014084914660000170e+00
3.886140000000000150e+00 2.014267970940000207e+00
3.887490000000000112e+00 2.014508980470000044e+00
3.888840000000000519e+00 2.014726338360000035e+00
3.890200000000000102e+00 2.014967991999999875e+00
3.891550000000000065e+00 2.015243059049999896e+00
3.892900000000000027e+00 2.015529510499999954e+00
3.894249999999999989e+00 2.015827358500000166e+00
3.895600000000000396e+00 2.016179466800000153e+00
3.896950000000000358e+00 2.016535231749999824e+00
3.898300000000000320e+00 2.019229739100000032e+00
3.899650000000000283e+00 2.019683330099999896e+00
3.901009999999999867e+00 2.020157533549999940e+00
3.902359999999999829e+00 2.020657617439999942e+00
3.903710000000000235e+00 2.021255156380000084e+00
3.905060000000000198e+00 2.021860435240000253e+00
3.906410000000000160e+00 2.022481274940000073e+00
3.907760000000000122e+00 2.023168492560000420e+00
3.909110000000000085e+00 2.023883065849999774e+00
3.910460000000000047e+00 2.024617202239999969e+00
3.911820000000000075e+00 2.025450424140000205e+00
3.913170000000000037e+00 2.026364647439999889e+00
3.914520000000000000e+00 2.028453375239999801e+00
3.915869999999999962e+00 2.030515650449999931e+00
3.917219999999999924e+00 2.031540801959999865e+00
3.918569999999999887e+00 2.032507399019999994e+00
3.919919999999999849e+00 2.033493779279999636e+00
3.921269999999999811e+00 2.034523490610000263e+00
3.922619999999999774e+00 2.035537738259999951e+00
3.923980000000000690e+00 2.036573087860000353e+00
3.925330000000000652e+00 2.037630952340000245e+00
3.926680000000000614e+00 2.038653722400000312e+00
3.928030000000000577e+00 2.039625649470000024e+00
3.929380000000000539e+00 2.040613480360000231e+00
3.930730000000000501e+00 2.041550408860000498e+00
3.932080000000000464e+00 2.042369536960000342e+00
3.933430000000000426e+00 2.043141544900000106e+00
3.934790000000000454e+00 2.043757469530000037e+00
3.936140000000000416e+00 2.044167394620000522e+00
3.937490000000000379e+00 2.045596929820000298e+00
3.938840000000000341e+00 2.046924554679999897e+00
3.940190000000000303e+00 2.046897183480000049e+00
3.941540000000000266e+00 2.046928435879999952e+00
3.942890000000000228e+00 2.046762084780000102e+00
3.944240000000000190e+00 2.046299321680000283e+00
3.945600000000000218e+00 2.045545027200000199e+00
3.946950000000000180e+00 2.044449054900000284e+00
3.948300000000000143e+00 2.042909644499999899e+00
3.949650000000000105e+00 2.040961889250000105e+00
3.951000000000000068e+00 2.038360410000000122e+00
3.952350000000000030e+00 2.035171728449999939e+00
3.953699999999999992e+00 2.031434782199999844e+00
3.955050000000000399e+00 2.027172742650000359e+00
3.956409999999999982e+00 2.022338753550000146e+00
3.957759999999999945e+00 2.016795340799999892e+00
3.959109999999999907e+00 2.010554831299999901e+00
3.960459999999999869e+00 2.003576911699999741e+00
3.961809999999999832e+00 1.995797443789999681e+00
3.963160000000000238e+00 1.987219576679999822e+00
3.964510000000000201e+00 1.977802855270000215e+00
3.965860000000000163e+00 1.967475043580000138e+00
3.967219999999999747e+00 1.956244116439999736e+00
3.968569999999999709e+00 1.944115134459999839e+00
3.969920000000000115e+00 1.932965957760000020e+00
3.971270000000000078e+00 1.918929577809999953e+00
3.972620000000000040e+00 1.903592106360000091e+00
3.973970000000000002e+00 1.887194639330000090e+00
3.975319999999999965e+00 1.869688403680000111e+00
3.976669999999999927e+00 1.851127954989999935e+00
3.978030000000000399e+00 1.833593367900000271e+00
3.979380000000000361e+00 1.812802579620000021e+00
3.980730000000000324e+00 1.790906542620000153e+00
3.982080000000000286e+00 1.767987770880000031e+00
3.983430000000000692e+00 1.743869968830000117e+00
3.984780000000000655e+00 1.718547948840000172e+00
3.986130000000000617e+00 1.692263657940000332e+00
3.987480000000000580e+00 1.664944361640000148e+00
3.988840000000000163e+00 1.636656951560000017e+00
3.990190000000000126e+00 1.607503904160000108e+00
3.991540000000000532e+00 1.577540430340000244e+00
3.992890000000000494e+00 1.546741770860000198e+00
3.994240000000000457e+00 1.515222932480000173e+00
3.995590000000000419e+00 1.482927268190000092e+00
3.996940000000000381e+00 1.449965926860000254e+00
3.998290000000000344e+00 1.416502186330000246e+00
3.999650000000000372e+00 1.382635008850000125e+00
4.001000000000000334e+00 1.348349003000000046e+00
4.002349999999999852e+00 1.313711352249999909e+00
4.003700000000000259e+00 1.278893883600000114e+00
4.005049999999999777e+00 1.243956514850000028e+00
4.006400000000000183e+00 1.208686809600000078e+00
4.007750000000000590e+00 1.173533324000000322e+00
4.009100000000000108e+00 1.138496199800000053e+00
4.010450000000000514e+00 1.103623704150000107e+00
4.011809999999999654e+00 1.069099223279999844e+00
4.013160000000000061e+00 1.034937779760000121e+00
4.014510000000000467e+00 1.001106387720000157e+00
4.015859999999999985e+00 9.675612291000000864e-01
4.017210000000000392e+00 9.345155278800001408e-01
4.018559999999999910e+00 9.025364275200000730e-01
4.019910000000000316e+00 8.708934019500000900e-01
4.021259999999999835e+00 8.402664045600000131e-01
4.022619999999999862e+00 8.093390761399998912e-01
4.023970000000000269e+00 7.790164481800000429e-01
4.025319999999999787e+00 7.493736977999999604e-01
4.026670000000000194e+00 7.205363564700000278e-01
4.028019999999999712e+00 6.923239935399999601e-01
4.029370000000000118e+00 6.648782849600000100e-01
4.030719999999999636e+00 6.382846655999999674e-01
4.032070000000000043e+00 6.124593367899999752e-01
4.033430000000000071e+00 5.873279094500000186e-01
4.034780000000000477e+00 5.630051316400001005e-01
4.036130000000000884e+00 5.395296777500000474e-01
4.037480000000000402e+00 5.166480532400000714e-01
4.038830000000000808e+00 4.945708888200000541e-01
4.040180000000000327e+00 4.733232477200000066e-01
4.041530000000000733e+00 4.528332288500001024e-01
4.042880000000000251e+00 4.330207481600000241e-01
4.044240000000000279e+00 4.140169372800000525e-01
4.045590000000000686e+00 3.957473004210000922e-01
4.046940000000000204e+00 3.780189996839999900e-01
4.048290000000000610e+00 3.610637464680000464e-01
4.049640000000000128e+00 3.447806801039999813e-01
4.050990000000000535e+00 3.290351811660000569e-01
4.052340000000000053e+00 3.138735894659999692e-01
4.053690000000000460e+00 2.994420266100000783e-01
4.055050000000000487e+00 2.855436448400000549e-01
4.056400000000000006e+00 2.721158868400000430e-01
4.057750000000000412e+00 2.593543374500000276e-01
4.059099999999999930e+00 2.471107016199999840e-01
4.060450000000000337e+00 2.354435690699999972e-01
4.061799999999999855e+00 2.242999072399999849e-01
4.063150000000000261e+00 2.136318943849999930e-01
4.064499999999999780e+00 2.033010061499999910e-01
4.065859999999999808e+00 1.934088943399999982e-01
4.067210000000000214e+00 1.840518272459999993e-01
4.068559999999999732e+00 1.750811219119999818e-01
4.069910000000000139e+00 1.664462952880000068e-01
4.071259999999999657e+00 1.582580187199999766e-01
4.072610000000000063e+00 1.506482874660000082e-01
4.073960000000000470e+00 1.431793242000000410e-01
4.075309999999999988e+00 1.360367005170000088e-01
4.076670000000000016e+00 1.292911813829999979e-01
4.078019999999999534e+00 1.228287389939999863e-01
4.079369999999999941e+00 1.165957374660000073e-01
4.080720000000000347e+00 1.107454358640000136e-01
4.082069999999999865e+00 1.052022916260000052e-01
4.083420000000000272e+00 9.978816790800001946e-02
4.084769999999999790e+00 9.470049072599999451e-02
4.086120000000000196e+00 8.990812419599999994e-02
4.087480000000000224e+00 8.531020382800000301e-02
4.088830000000000631e+00 8.084639117500000416e-02
4.090180000000000149e+00 7.676040805999999328e-02
4.091530000000000555e+00 7.281859602200001225e-02
4.092880000000000074e+00 6.898180880800000581e-02
4.094230000000000480e+00 6.538976617600000818e-02
4.095580000000000886e+00 6.205172302200001599e-02
4.096930000000000405e+00 5.882044339600001059e-02
4.098280000000000811e+00 5.569890382400000811e-02
4.099639999999999951e+00 5.289560509999999965e-02
4.100990000000000357e+00 5.014977641300000233e-02
4.102340000000000764e+00 4.747843199000001402e-02
4.103690000000000282e+00 4.500598896800000331e-02
4.105040000000000688e+00 4.274290799200000657e-02
4.106390000000000207e+00 4.043845573910000157e-02
4.107740000000000613e+00 3.827066341280000589e-02
4.109090000000000131e+00 3.630816578539999839e-02
4.110450000000000159e+00 3.440824811400000627e-02
4.111800000000000566e+00 3.253996284000000572e-02
4.113150000000000084e+00 3.082941658949999927e-02
4.114500000000000490e+00 2.930215236000000348e-02
4.115850000000000009e+00 2.769378483449999942e-02
4.117200000000000415e+00 2.621182442400000340e-02
4.118549999999999933e+00 2.488646193150000074e-02
4.119900000000000340e+00 2.362078746600000320e-02
4.121260000000000367e+00 2.227553393780000099e-02
4.122609999999999886e+00 2.114581489029999928e-02
4.123960000000000292e+00 2.008298412680000269e-02
4.125309999999999810e+00 1.898603797229999821e-02
4.126660000000000217e+00 1.794886640340000172e-02
4.128009999999999735e+00 1.707138535499999957e-02
4.129360000000000142e+00 1.621616189439999828e-02
4.130709999999999660e+00 1.528755117449999944e-02
4.132069999999999688e+00 1.452112699749999979e-02
4.133420000000000094e+00 1.379934000159999986e-02
4.134769999999999612e+00 1.305305541299999796e-02
4.136120000000000019e+00 1.230363344159999921e-02
4.137469999999999537e+00 1.176133772079999799e-02
4.138819999999999943e+00 1.113483299879999833e-02
4.140170000000000350e+00 1.050000934210000222e-02
4.141519999999999868e+00 9.956876723199998072e-03
4.142880000000000784e+00 9.516485361600001552e-03
4.144230000000000302e+00 8.959245067799999351e-03
4.145580000000000709e+00 8.442349302600000646e-03
4.146930000000000227e+00 8.069842841400000702e-03
4.148280000000000634e+00 7.686182080800000975e-03
4.149630000000000152e+00 7.241394824100000870e-03
4.150980000000000558e+00 6.859162371600001015e-03
4.152330000000000076e+00 6.594730505999999749e-03
4.153690000000000104e+00 6.195851688499999683e-03
4.155040000000000511e+00 5.848094148800000829e-03
4.156390000000000029e+00 5.587933843800000147e-03
4.157740000000000435e+00 5.363443022600000720e-03
4.159089999999999954e+00 4.980718229500000031e-03
4.160440000000000360e+00 4.756048590400000289e-03
4.161790000000000767e+00 4.579467244400001365e-03
4.163140000000000285e+00 4.342030125800000820e-03
4.164500000000000313e+00 4.033418198000000496e-03
4.165849999999999831e+00 3.876698351499999716e-03
4.167200000000000237e+00 3.711679200800000172e-03
4.168550000000000644e+00 3.459804791900000353e-03
4.169900000000000162e+00 3.264885753500000164e-03
4.171250000000000568e+00 3.168373047500000397e-03
4.172600000000000087e+00 3.018337834600000064e-03
4.173950000000000493e+00 2.773193249750000380e-03
4.175309999999999633e+00 2.671267305869999640e-03
4.176660000000000039e+00 2.572881033240000115e-03
4.178010000000000446e+00 2.408626943010000031e-03
4.179359999999999964e+00 2.214321053280000201e-03
4.180710000000000370e+00 2.203907264309999843e-03
4.182059999999999889e+00 2.082239309879999750e-03
4.183410000000000295e+00 1.922820738300000127e-03
4.184759999999999813e+00 1.809364681199999991e-03
4.186110000000000220e+00 1.831012886220000080e-03
4.187470000000000248e+00 1.674573440470000047e-03
4.188819999999999766e+00 1.543383295459999733e-03
4.190170000000000172e+00 1.485654104690000039e-03
4.191519999999999690e+00 1.452093422719999850e-03
4.192870000000000097e+00 1.283764550859999931e-03
4.194219999999999615e+00 1.222602547339999863e-03
4.195570000000000022e+00 1.228857279579999859e-03
4.196919999999999540e+00 1.160884859679999978e-03
4.198280000000000456e+00 1.016021544520000035e-03
4.199630000000000862e+00 9.690940199100001777e-04
4.200980000000000381e+00 9.660447578600001202e-04
4.202330000000000787e+00 8.411089564900001841e-04
4.203680000000000305e+00 7.563345129600001051e-04
4.205030000000000712e+00 7.721906840500000931e-04
4.206380000000000230e+00 7.791856248200000482e-04
4.207730000000000636e+00 6.199543150099999988e-04
4.209090000000000664e+00 5.915960176800001561e-04
4.210440000000000182e+00 6.105306417600000384e-04
4.211790000000000589e+00 5.685032024100000443e-04
4.214490000000000514e+00 4.712052689400000839e-04
4.215840000000000032e+00 4.974944150399999987e-04
