9.220000000000000417e-01 5.268473960000000364e-04
9.230000000000000426e-01 5.974828209999999548e-04
9.240000000000000435e-01 7.078338959999999408e-04
9.250000000000000444e-01 7.893182250000000842e-04
9.260000000000000453e-01 7.979064200000000840e-04
9.270000000000000462e-01 9.154848060000000780e-04
9.280000000000000471e-01 1.043508160000000077e-03
9.290000000000000480e-01 1.155146469999999981e-03
9.300000000000000488e-01 1.185889500000000037e-03
9.310000000000000497e-01 1.269865380000000229e-03
9.320000000000000506e-01 1.435652799999999991e-03
9.330000000000000515e-01 1.591315470000000121e-03
9.340000000000000524e-01 1.670636459999999979e-03
9.350000000000000533e-01 1.715725000000000193e-03
9.360000000000000542e-01 1.810804320000000082e-03
9.370000000000000551e-01 1.928898830000000007e-03
9.380000000000000560e-01 2.023566159999999874e-03
9.390000000000000568e-01 2.102176859999999904e-03
9.400000000000000577e-01 2.131797800000000218e-03
9.410000000000000586e-01 2.134818469999999989e-03
9.420000000000000595e-01 2.139809520000000419e-03
9.430000000000000604e-01 2.178339430000000073e-03
9.440000000000000613e-01 2.147713280000000061e-03
9.450000000000000622e-01 2.108710800000000024e-03
9.460000000000000631e-01 2.057956780000000027e-03
9.470000000000000639e-01 1.997365050000000312e-03
9.480000000000000648e-01 1.913035560000000143e-03
9.490000000000000657e-01 1.842341150000000212e-03
9.500000000000000666e-01 1.764530000000000048e-03
9.510000000000000675e-01 1.679979540000000075e-03
9.520000000000000684e-01 1.633679600000000065e-03
9.530000000000000693e-01 1.570782250000000036e-03
9.540000000000000702e-01 1.475198820000000240e-03
9.550000000000000711e-01 1.417496950000000184e-03
9.560000000000000719e-01 1.382213480000000008e-03
9.570000000000000728e-01 1.338163530000000120e-03
9.580000000000000737e-01 1.293721520000000154e-03
9.590000000000000746e-01 1.287342420000000187e-03
9.600000000000000755e-01 1.279641600000000186e-03
9.610000000000000764e-01 1.314196330000000097e-03
9.620000000000000773e-01 1.399123180000000095e-03
9.630000000000000782e-01 1.504061550000000084e-03
9.640000000000000790e-01 1.566673520000000071e-03
9.650000000000000799e-01 1.679746550000000161e-03
9.660000000000000808e-01 1.847098260000000188e-03
9.670000000000000817e-01 2.047922269999999986e-03
9.680000000000000826e-01 2.264519840000000107e-03
9.690000000000000835e-01 2.554894470000000119e-03
9.700000000000000844e-01 2.962738900000000224e-03
9.710000000000000853e-01 3.424784970000000622e-03
9.720000000000000862e-01 3.971523959999999874e-03
9.730000000000000870e-01 4.653674130000000353e-03
9.740000000000000879e-01 5.500119559999999859e-03
9.750000000000000888e-01 6.459033750000000781e-03
9.760000000000000897e-01 7.689904000000000878e-03
9.770000000000000906e-01 9.145364820000001504e-03
9.780000000000000915e-01 1.088230379999999969e-02
9.790000000000000924e-01 1.287228360000000106e-02
9.800000000000000933e-01 1.541128400000000252e-02
9.810000000000000941e-01 1.819911960000000425e-02
9.820000000000000950e-01 2.150187200000000173e-02
9.830000000000000959e-01 2.523036610000000193e-02
9.840000000000000968e-01 2.947335840000000345e-02
9.850000000000000977e-01 3.452651550000000735e-02
9.860000000000000986e-01 3.983538600000000041e-02
9.870000000000000995e-01 4.560887520000000972e-02
9.880000000000001004e-01 5.176171520000000248e-02
9.890000000000001013e-01 5.908820060000000152e-02
9.900000000000001021e-01 6.675183900000000725e-02
9.909999999999999920e-01 7.466778689999999108e-02
9.919999999999999929e-01 8.405583039999998951e-02
9.929999999999999938e-01 9.314330070000000072e-02
9.939999999999999947e-01 1.022458220000000001e-01
9.949999999999999956e-01 1.112419949999999963e-01
9.959999999999999964e-01 1.221763319999999986e-01
9.969999999999999973e-01 1.329549349999999963e-01
9.979999999999999982e-01 1.438477279999999803e-01
9.989999999999999991e-01 1.547291159999999999e-01
1.000000000000000000e+00 1.646690000000000098e-01
1.001000000000000112e+00 1.743752010000000074e-01
1.002000000000000002e+00 1.842016679999999851e-01
1.003000000000000114e+00 1.941767880000000168e-01
1.004000000000000004e+00 2.042005480000000095e-01
1.005000000000000115e+00 2.131986900000000240e-01
1.006000000000000005e+00 2.215413200000000138e-01
1.007000000000000117e+00 2.282526620000000228e-01
1.008000000000000007e+00 2.355363360000000128e-01
1.009000000000000119e+00 2.421882520000000205e-01
1.010000000000000009e+00 2.486094800000000216e-01
1.011000000000000121e+00 2.552946870000000201e-01
1.012000000000000011e+00 2.617699920000000069e-01
1.013000000000000123e+00 2.673043620000000176e-01
1.014000000000000012e+00 2.721525300000000036e-01
1.015000000000000124e+00 2.768361750000000732e-01
1.016000000000000014e+00 2.800217920000000471e-01
1.017000000000000126e+00 2.833199280000000542e-01
1.018000000000000016e+00 2.872134300000000473e-01
1.019000000000000128e+00 2.912302000000000501e-01
1.020000000000000018e+00 2.949391200000000546e-01
1.021000000000000130e+00 2.983739770000000679e-01
1.022000000000000020e+00 3.016760039999999976e-01
1.023000000000000131e+00 3.032929020000000309e-01
1.024000000000000021e+00 3.053045759999999942e-01
1.025000000000000133e+00 3.064022250000000280e-01
1.026000000000000023e+00 3.076091640000000460e-01
1.027000000000000135e+00 3.089647340000000186e-01
1.028000000000000025e+00 3.108990680000000006e-01
1.029000000000000137e+00 3.129610890000000256e-01
1.030000000000000027e+00 3.140778999999999654e-01
1.031000000000000139e+00 3.152127849999999953e-01
1.032000000000000028e+00 3.163792079999999673e-01
1.033000000000000140e+00 3.170648880000000447e-01
1.034000000000000030e+00 3.181318139999999572e-01
1.035000000000000142e+00 3.190149449999999942e-01
1.036000000000000032e+00 3.200784160000000322e-01
1.037000000000000144e+00 3.216151800000000560e-01
1.038000000000000034e+00 3.223291020000000340e-01
1.039000000000000146e+00 3.229118490000000286e-01
1.040000000000000036e+00 3.223708800000000263e-01
1.041000000000000147e+00 3.228213870000000707e-01
1.042000000000000037e+00 3.230585539999999978e-01
1.043000000000000149e+00 3.243990750000000367e-01
1.044000000000000039e+00 3.256810199999999877e-01
1.045000000000000151e+00 3.267641850000000403e-01
1.046000000000000041e+00 3.268498959999999731e-01
1.047000000000000153e+00 3.272000640000000682e-01
1.048000000000000043e+00 3.285993520000000112e-01
1.049000000000000155e+00 3.287912170000000800e-01
1.050000000000000044e+00 3.287476500000000024e-01
1.051000000000000156e+00 3.293255950000000265e-01
1.052000000000000046e+00 3.310959600000000225e-01
1.053000000000000158e+00 3.325310820000000889e-01
1.054000000000000048e+00 3.329238180000000380e-01
1.055000000000000160e+00 3.333958250000000345e-01
1.056000000000000050e+00 3.323770560000000041e-01
1.057000000000000162e+00 3.319571920000000675e-01
1.058000000000000052e+00 3.319792400000000088e-01
1.058999999999999941e+00 3.327102659999999767e-01
1.060000000000000053e+00 3.339837400000000289e-01
1.060999999999999943e+00 3.346542539999999843e-01
1.062000000000000055e+00 3.359785679999999775e-01
1.062999999999999945e+00 3.367860379999999543e-01
1.064000000000000057e+00 3.378114879999999931e-01
1.064999999999999947e+00 3.381012899999999988e-01
1.066000000000000059e+00 3.395551119999999923e-01
1.066999999999999948e+00 3.408894279999999943e-01
1.068000000000000060e+00 3.424008000000000052e-01
1.068999999999999950e+00 3.438513330000000368e-01
1.070000000000000062e+00 3.438006300000000515e-01
1.070999999999999952e+00 3.439891350000000014e-01
1.072000000000000064e+00 3.450596479999999966e-01
1.072999999999999954e+00 3.459405649999999777e-01
1.074000000000000066e+00 3.468912600000000346e-01
1.074999999999999956e+00 3.481355250000000012e-01
1.076000000000000068e+00 3.505801680000000253e-01
1.076999999999999957e+00 3.517212749999999999e-01
1.078000000000000069e+00 3.526903379999999921e-01
1.078999999999999959e+00 3.545043709999999848e-01
1.080000000000000071e+00 3.555867600000000572e-01
1.080999999999999961e+00 3.565105570000000057e-01
1.082000000000000073e+00 3.574798160000000613e-01
1.082999999999999963e+00 3.581968349999999912e-01
1.084000000000000075e+00 3.588397720000000568e-01
1.084999999999999964e+00 3.601082449999999935e-01
1.086000000000000076e+00 3.618758340000000073e-01
1.086999999999999966e+00 3.636732419999999522e-01
1.088000000000000078e+00 3.641013760000000321e-01
1.088999999999999968e+00 3.642182280000000327e-01
1.090000000000000080e+00 3.642998000000000625e-01
1.090999999999999970e+00 3.654479059999999890e-01
1.092000000000000082e+00 3.679734239999999934e-01
1.092999999999999972e+00 3.697323889999999946e-01
1.094000000000000083e+00 3.706362599999999952e-01
1.094999999999999973e+00 3.702567299999999784e-01
1.096000000000000085e+00 3.707230960000000297e-01
1.096999999999999975e+00 3.712138300000000224e-01
1.098000000000000087e+00 3.718596600000000363e-01
1.098999999999999977e+00 3.726423259999999682e-01
1.100000000000000089e+00 3.737184000000000061e-01
1.100999999999999979e+00 3.749224290000000015e-01
1.102000000000000091e+00 3.753423020000000165e-01
1.102999999999999980e+00 3.754214919999999678e-01
1.104000000000000092e+00 3.762100800000000578e-01
1.104999999999999982e+00 3.764193549999999555e-01
1.106000000000000094e+00 3.764967780000000319e-01
1.106999999999999984e+00 3.769102529999999729e-01
1.108000000000000096e+00 3.789814280000000091e-01
1.108999999999999986e+00 3.790051859999999939e-01
1.110000000000000098e+00 3.789684300000000783e-01
1.110999999999999988e+00 3.794642720000000469e-01
1.112000000000000099e+00 3.803073360000000513e-01
1.112999999999999989e+00 3.803632980000000163e-01
1.114000000000000101e+00 3.807239820000000163e-01
1.114999999999999991e+00 3.822654850000000160e-01
1.116000000000000103e+00 3.833102880000000545e-01
1.116999999999999993e+00 3.839352400000000110e-01
1.118000000000000105e+00 3.849810640000000395e-01
1.118999999999999995e+00 3.856152330000000017e-01
1.120000000000000107e+00 3.853248000000000784e-01
1.120999999999999996e+00 3.845411140000000172e-01
1.122000000000000108e+00 3.850277640000000501e-01
1.122999999999999998e+00 3.849846140000000028e-01
1.124000000000000110e+00 3.855904480000000856e-01
1.125000000000000000e+00 3.875759999999999761e-01
1.126000000000000112e+00 3.894327300000000602e-01
1.127000000000000002e+00 3.896343290000000015e-01
1.128000000000000114e+00 3.894318480000000804e-01
1.129000000000000004e+00 3.896472539999999984e-01
1.130000000000000115e+00 3.917269300000000287e-01
1.131000000000000005e+00 3.936716940000000164e-01
1.132000000000000117e+00 3.952728920000000423e-01
1.133000000000000007e+00 3.954566549999999903e-01
1.134000000000000119e+00 3.960245520000000297e-01
1.135000000000000009e+00 3.968686399999999947e-01
1.136000000000000121e+00 3.977704000000000795e-01
1.137000000000000011e+00 3.986651730000000393e-01
1.138000000000000123e+00 4.000035860000000221e-01
1.139000000000000012e+00 4.002559900000000059e-01
1.140000000000000124e+00 4.013643600000000311e-01
1.141000000000000014e+00 4.035796870000000203e-01
1.142000000000000126e+00 4.057982800000000112e-01
1.143000000000000016e+00 4.066976880000000572e-01
1.144000000000000128e+00 4.064231600000000610e-01
1.145000000000000018e+00 4.066948400000000019e-01
1.146000000000000130e+00 4.073204880000000916e-01
1.147000000000000020e+00 4.091406349999999748e-01
1.148000000000000131e+00 4.113812080000000537e-01
1.149000000000000021e+00 4.117740239999999607e-01
1.150000000000000133e+00 4.121611500000000872e-01
1.151000000000000023e+00 4.125989700000000093e-01
1.152000000000000135e+00 4.142499840000000710e-01
1.153000000000000025e+00 4.148240340000000081e-01
1.154000000000000137e+00 4.153222920000000373e-01
1.155000000000000027e+00 4.166292899999999855e-01
1.156000000000000139e+00 4.172177400000000591e-01
1.157000000000000028e+00 4.190283759999999802e-01
1.158000000000000140e+00 4.202497800000000727e-01
1.159000000000000030e+00 4.213567679999999926e-01
1.160000000000000142e+00 4.214929600000000831e-01
1.161000000000000032e+00 4.213071630000000400e-01
1.162000000000000144e+00 4.222278060000000388e-01
1.163000000000000034e+00 4.234820269999999831e-01
1.164000000000000146e+00 4.249449720000000319e-01
1.165000000000000036e+00 4.256793500000000119e-01
1.166000000000000147e+00 4.259071520000000111e-01
1.167000000000000037e+00 4.258172940000000128e-01
1.168000000000000149e+00 4.257827200000000034e-01
1.169000000000000039e+00 4.257988980000000367e-01
1.170000000000000151e+00 4.255336800000000808e-01
1.171000000000000041e+00 4.254043930000000473e-01
1.172000000000000153e+00 4.248347640000000869e-01
1.173000000000000043e+00 4.250905080000000336e-01
1.174000000000000155e+00 4.246628020000000614e-01
1.175000000000000044e+00 4.246332500000000176e-01
1.176000000000000156e+00 4.224674160000000400e-01
1.177000000000000046e+00 4.203631960000000500e-01
1.178000000000000158e+00 4.180486400000000269e-01
1.179000000000000048e+00 4.151188260000000518e-01
1.180000000000000160e+00 4.118259000000000780e-01
1.181000000000000050e+00 4.080921880000000224e-01
1.182000000000000162e+00 4.036163580000000639e-01
1.183000000000000052e+00 3.969390879999999955e-01
1.184000000000000163e+00 3.882122880000000720e-01
1.185000000000000053e+00 3.796905899999999945e-01
1.186000000000000165e+00 3.699608400000000685e-01
1.187000000000000055e+00 3.590105239999999975e-01
1.188000000000000167e+00 3.466607760000000593e-01
1.189000000000000057e+00 3.349912380000000245e-01
1.189999999999999947e+00 3.239941599999999755e-01
1.191000000000000059e+00 3.115167689999999712e-01
1.191999999999999948e+00 2.987283119999999403e-01
1.193000000000000060e+00 2.868592360000000174e-01
1.193999999999999950e+00 2.760981719999999751e-01
1.195000000000000062e+00 2.669379050000000309e-01
1.195999999999999952e+00 2.595774479999999884e-01
1.197000000000000064e+00 2.544163650000000332e-01
1.197999999999999954e+00 2.529085819999999929e-01
1.199000000000000066e+00 2.541628210000000387e-01
1.199999999999999956e+00 2.563919999999999533e-01
1.201000000000000068e+00 2.600789520000000299e-01
1.201999999999999957e+00 2.660518820000000173e-01
1.203000000000000069e+00 2.746749750000000434e-01
1.203999999999999959e+00 2.847821199999999719e-01
1.205000000000000071e+00 2.958106300000000188e-01
1.205999999999999961e+00 3.085719839999999659e-01
1.207000000000000073e+00 3.217282640000000415e-01
1.207999999999999963e+00 3.350134319999999999e-01
1.209000000000000075e+00 3.490721520000000244e-01
1.209999999999999964e+00 3.643213200000000040e-01
1.211000000000000076e+00 3.783587850000000308e-01
1.211999999999999966e+00 3.907924319999999674e-01
1.213000000000000078e+00 4.030083330000000519e-01
1.213999999999999968e+00 4.138271060000000001e-01
1.215000000000000080e+00 4.229694450000000550e-01
1.215999999999999970e+00 4.306281599999999821e-01
1.217000000000000082e+00 4.381029619999999847e-01
1.217999999999999972e+00 4.451095740000000078e-01
1.219000000000000083e+00 4.505582470000000783e-01
1.219999999999999973e+00 4.539986000000000299e-01
1.221000000000000085e+00 4.560312900000000336e-01
1.221999999999999975e+00 4.585933819999999383e-01
1.223000000000000087e+00 4.607628040000000813e-01
1.223999999999999977e+00 4.614981840000000335e-01
1.225000000000000089e+00 4.621643249999999870e-01
1.225999999999999979e+00 4.632710719999999505e-01
1.227000000000000091e+00 4.645937339999999804e-01
1.227999999999999980e+00 4.652990240000000055e-01
1.229000000000000092e+00 4.655243070000000261e-01
1.229999999999999982e+00 4.651478699999999633e-01
1.231000000000000094e+00 4.647295820000000854e-01
1.231999999999999984e+00 4.654779360000000366e-01
1.233000000000000096e+00 4.666954320000000211e-01
1.233999999999999986e+00 4.676810639999999797e-01
1.235000000000000098e+00 4.679797850000000370e-01
1.235999999999999988e+00 4.682239919999999778e-01
1.237000000000000099e+00 4.695045870000000843e-01
1.237999999999999989e+00 4.697590999999999850e-01
1.239000000000000101e+00 4.699019010000000662e-01
1.239999999999999991e+00 4.702179199999999559e-01
1.241000000000000103e+00 4.713020160000000458e-01
1.241999999999999993e+00 4.731063660000000004e-01
1.243000000000000105e+00 4.739260680000000336e-01
1.243999999999999995e+00 4.745163359999999830e-01
1.245000000000000107e+00 4.741756800000000438e-01
1.245999999999999996e+00 4.745702500000000268e-01
1.247000000000000108e+00 4.746443630000000136e-01
1.247999999999999998e+00 4.752271679999999776e-01
1.249000000000000110e+00 4.761375350000000561e-01
1.250000000000000000e+00 4.772925000000000084e-01
1.251000000000000112e+00 4.779170280000000215e-01
1.252000000000000002e+00 4.782902920000000058e-01
1.253000000000000114e+00 4.789442140000000903e-01
1.254000000000000004e+00 4.788361379999999667e-01
1.255000000000000115e+00 4.791100550000000902e-01
1.256000000000000005e+00 4.792669919999999473e-01
1.257000000000000117e+00 4.795957800000000271e-01
1.258000000000000007e+00 4.801006039999999864e-01
1.259000000000000119e+00 4.815901620000000993e-01
1.260000000000000009e+00 4.825459800000000410e-01
1.261000000000000121e+00 4.830235280000000353e-01
1.262000000000000011e+00 4.832223240000000364e-01
1.263000000000000123e+00 4.831454940000000087e-01
1.264000000000000012e+00 4.834193280000000370e-01
1.265000000000000124e+00 4.843305500000000263e-01
1.266000000000000014e+00 4.851793080000000313e-01
1.267000000000000126e+00 4.859375780000000367e-01
1.268000000000000016e+00 4.857492440000000244e-01
1.269000000000000128e+00 4.852135710000000657e-01
1.270000000000000018e+00 4.846942300000000037e-01
1.271000000000000130e+00 4.850669820000000354e-01
1.272000000000000020e+00 4.853061599999999864e-01
1.273000000000000131e+00 4.854127220000000187e-01
1.274000000000000021e+00 4.856500740000000427e-01
1.275000000000000133e+00 4.865871750000000384e-01
1.276000000000000023e+00 4.870696159999999830e-01
1.277000000000000135e+00 4.878459250000000691e-01
1.278000000000000025e+00 4.882560660000000441e-01
1.279000000000000137e+00 4.879794280000000484e-01
1.280000000000000027e+00 4.878271999999999609e-01
1.281000000000000139e+00 4.895508030000000343e-01
1.282000000000000028e+00 4.907598559999999943e-01
1.283000000000000140e+00 4.920074060000000360e-01
1.284000000000000030e+00 4.927606800000000065e-01
1.285000000000000142e+00 4.935286650000000330e-01
1.286000000000000032e+00 4.934574899999999986e-01
1.287000000000000144e+00 4.931886960000000375e-01
1.288000000000000034e+00 4.931739119999999921e-01
1.289000000000000146e+00 4.933840850000000833e-01
1.290000000000000036e+00 4.933243800000000068e-01
1.291000000000000147e+00 4.933491950000000736e-01
1.292000000000000037e+00 4.946602880000000035e-01
1.293000000000000149e+00 4.960555710000000840e-01
1.294000000000000039e+00 4.963576960000000149e-01
1.295000000000000151e+00 4.958425500000000485e-01
1.296000000000000041e+00 4.956526080000000500e-01
1.297000000000000153e+00 4.976212870000000232e-01
1.298000000000000043e+00 5.008657499999999985e-01
1.299000000000000155e+00 5.047511310000000195e-01
1.300000000000000044e+00 5.058560000000000834e-01
1.301000000000000156e+00 5.060707860000001057e-01
1.302000000000000046e+00 5.052319860000000773e-01
1.303000000000000158e+00 5.053034000000000692e-01
1.304000000000000048e+00 5.056077440000000811e-01
1.305000000000000160e+00 5.068058850000001225e-01
1.306000000000000050e+00 5.075873480000000493e-01
1.307000000000000162e+00 5.084974990000000750e-01
1.308000000000000052e+00 5.095601760000000313e-01
1.309000000000000163e+00 5.107403840000001027e-01
1.310000000000000053e+00 5.113349200000000261e-01
1.311000000000000165e+00 5.123912400000001366e-01
1.312000000000000055e+00 5.129526399999999597e-01
1.313000000000000167e+00 5.140618210000000854e-01
1.314000000000000057e+00 5.145453180000000293e-01
1.315000000000000169e+00 5.161493350000000424e-01
1.316000000000000059e+00 5.173551320000000509e-01
1.317000000000000171e+00 5.174400810000000517e-01
1.318000000000000060e+00 5.170184500000000183e-01
1.319000000000000172e+00 5.179211780000000376e-01
1.320000000000000062e+00 5.190107999999999944e-01
1.321000000000000174e+00 5.194594720000000887e-01
1.322000000000000064e+00 5.187964259999999772e-01
1.322999999999999954e+00 5.194957949999999824e-01
1.324000000000000066e+00 5.221975160000000837e-01
1.324999999999999956e+00 5.242495000000000349e-01
1.326000000000000068e+00 5.243229420000000696e-01
1.326999999999999957e+00 5.238889839999999465e-01
1.328000000000000069e+00 5.234710399999999986e-01
1.328999999999999959e+00 5.234173469999999773e-01
1.330000000000000071e+00 5.246544100000000155e-01
1.330999999999999961e+00 5.262321460000000117e-01
1.332000000000000073e+00 5.274879839999999653e-01
1.332999999999999963e+00 5.274760979999999488e-01
1.334000000000000075e+00 5.269300000000000095e-01
1.334999999999999964e+00 5.269124849999999860e-01
1.336000000000000076e+00 5.274674960000000912e-01
1.336999999999999966e+00 5.290348559999999978e-01
1.338000000000000078e+00 5.301664440000000145e-01
1.338999999999999968e+00 5.306349879999999741e-01
1.340000000000000080e+00 5.312215600000000926e-01
1.340999999999999970e+00 5.327819819999999318e-01
1.342000000000000082e+00 5.338690720000000001e-01
1.342999999999999972e+00 5.344750529999999777e-01
1.344000000000000083e+00 5.346593280000000448e-01
1.344999999999999973e+00 5.346832299999999538e-01
1.346000000000000085e+00 5.357510720000000504e-01
1.346999999999999975e+00 5.366825159999999428e-01
1.348000000000000087e+00 5.385785720000000332e-01
1.348999999999999977e+00 5.399696259999999803e-01
1.350000000000000089e+00 5.396301000000001125e-01
1.350999999999999979e+00 5.393448690000000045e-01
1.352000000000000091e+00 5.390667360000001018e-01
1.352999999999999980e+00 5.397157590000000171e-01
1.354000000000000092e+00 5.417584180000000194e-01
1.354999999999999982e+00 5.431002600000000013e-01
1.356000000000000094e+00 5.437871880000000324e-01
1.356999999999999984e+00 5.443429090000000414e-01
1.358000000000000096e+00 5.452981100000000581e-01
1.358999999999999986e+00 5.450813100000000411e-01
1.360000000000000098e+00 5.439374399999999943e-01
1.360999999999999988e+00 5.433084780000000391e-01
1.362000000000000099e+00 5.443246619999999591e-01
1.362999999999999989e+00 5.457220289999999974e-01
1.364000000000000101e+00 5.467648560000000213e-01
1.364999999999999991e+00 5.470715250000000029e-01
1.366000000000000103e+00 5.459615140000000366e-01
1.366999999999999993e+00 5.436750380000000549e-01
1.368000000000000105e+00 5.422601519999999953e-01
1.368999999999999995e+00 5.420514429999999662e-01
1.370000000000000107e+00 5.437242300000000306e-01
1.370999999999999996e+00 5.440498169999999911e-01
1.372000000000000108e+00 5.430526920000000590e-01
1.372999999999999998e+00 5.414164630000000145e-01
1.374000000000000110e+00 5.396824680000000818e-01
1.375000000000000000e+00 5.384857499999999852e-01
1.376000000000000112e+00 5.381879999999999997e-01
1.377000000000000002e+00 5.376303719999999675e-01
1.378000000000000114e+00 5.361453500000000760e-01
1.379000000000000004e+00 5.348451499999999914e-01
1.380000000000000115e+00 5.342808000000000002e-01
1.381000000000000005e+00 5.333988210000000230e-01
1.382000000000000117e+00 5.330277260000000350e-01
1.383000000000000007e+00 5.317828620000000228e-01
1.384000000000000119e+00 5.305702399999999708e-01
1.385000000000000009e+00 5.311447300000000649e-01
1.386000000000000121e+00 5.322960720000000645e-01
1.387000000000000011e+00 5.332529550000000285e-01
1.388000000000000123e+00 5.329114960000000956e-01
1.389000000000000012e+00 5.327801189999999965e-01
1.390000000000000124e+00 5.344146900000000810e-01
1.391000000000000014e+00 5.355071799999999715e-01
1.392000000000000126e+00 5.359575840000000424e-01
1.393000000000000016e+00 5.375656650000000258e-01
1.394000000000000128e+00 5.397442540000000344e-01
1.395000000000000018e+00 5.420049299999999404e-01
1.396000000000000130e+00 5.425163120000000561e-01
1.397000000000000020e+00 5.433659440000000451e-01
1.398000000000000131e+00 5.462489280000001335e-01
1.399000000000000021e+00 5.479169510000000409e-01
1.400000000000000133e+00 5.493810000000001192e-01
1.401000000000000023e+00 5.510945579999999566e-01
1.402000000000000135e+00 5.526305460000000558e-01
1.403000000000000025e+00 5.536967560000000121e-01
1.404000000000000137e+00 5.549899680000000002e-01
1.405000000000000027e+00 5.560118899999999531e-01
1.406000000000000139e+00 5.567042940000000995e-01
1.407000000000000028e+00 5.573675730000000605e-01
1.408000000000000140e+00 5.590323200000000270e-01
1.409000000000000030e+00 5.609665790000000207e-01
1.410000000000000142e+00 5.628776400000000679e-01
1.411000000000000032e+00 5.646271710000000388e-01
1.412000000000000144e+00 5.666003000000000567e-01
1.413000000000000034e+00 5.679313289999999848e-01
1.414000000000000146e+00 5.692848840000001021e-01
1.415000000000000036e+00 5.690592300000000270e-01
1.416000000000000147e+00 5.699088480000000789e-01
1.417000000000000037e+00 5.718246820000000286e-01
1.418000000000000149e+00 5.734618880000000862e-01
1.419000000000000039e+00 5.737173089999999531e-01
1.420000000000000151e+00 5.725795000000000190e-01
1.421000000000000041e+00 5.726757890000000462e-01
1.422000000000000153e+00 5.719724820000000598e-01
1.423000000000000043e+00 5.708392960000000516e-01
1.424000000000000155e+00 5.685846880000000603e-01
1.425000000000000044e+00 5.664403500000000369e-01
1.426000000000000156e+00 5.640257800000000321e-01
1.427000000000000046e+00 5.610093529999999884e-01
1.428000000000000158e+00 5.565472920000000823e-01
1.429000000000000048e+00 5.512781909999999730e-01
1.430000000000000160e+00 5.469621300000000463e-01
1.431000000000000050e+00 5.412871980000000249e-01
1.432000000000000162e+00 5.340457840000001344e-01
1.433000000000000052e+00 5.268854400000000382e-01
1.434000000000000163e+00 5.194449899999999953e-01
1.435000000000000053e+00 5.111068199999999617e-01
1.436000000000000165e+00 5.013506800000000485e-01
1.437000000000000055e+00 4.933307219999999993e-01
1.438000000000000167e+00 4.835217480000000290e-01
1.439000000000000057e+00 4.729086430000000174e-01
1.440000000000000169e+00 4.601016000000000550e-01
1.441000000000000059e+00 4.493974649999999960e-01
1.442000000000000171e+00 4.396831040000001023e-01
1.443000000000000060e+00 4.281467580000000717e-01
1.444000000000000172e+00 4.158604480000001047e-01
1.445000000000000062e+00 4.039222949999999868e-01
1.446000000000000174e+00 3.922014719999999954e-01
1.447000000000000064e+00 3.823596210000000384e-01
1.448000000000000176e+00 3.730844400000000727e-01
1.449000000000000066e+00 3.655030049999999919e-01
1.450000000000000178e+00 3.578527499999999972e-01
1.451000000000000068e+00 3.516643600000000092e-01
1.452000000000000179e+00 3.465444840000000415e-01
1.453000000000000069e+00 3.416831210000000341e-01
1.453999999999999959e+00 3.388837799999999678e-01
1.455000000000000071e+00 3.384300900000000167e-01
1.455999999999999961e+00 3.404186240000000030e-01
1.457000000000000073e+00 3.426747440000000311e-01
1.457999999999999963e+00 3.470302439999999877e-01
1.459000000000000075e+00 3.536411740000000026e-01
1.459999999999999964e+00 3.622274600000000011e-01
1.461000000000000076e+00 3.715951229999999716e-01
1.461999999999999966e+00 3.816521760000000096e-01
1.463000000000000078e+00 3.940590499999999663e-01
1.463999999999999968e+00 4.075878480000000303e-01
1.465000000000000080e+00 4.248573250000000634e-01
1.465999999999999970e+00 4.414492499999999597e-01
1.467000000000000082e+00 4.584125610000000517e-01
1.467999999999999972e+00 4.721968799999999855e-01
1.469000000000000083e+00 4.870998340000000093e-01
1.469999999999999973e+00 5.019550200000000295e-01
1.471000000000000085e+00 5.177772900000000567e-01
1.471999999999999975e+00 5.339900800000000336e-01
1.473000000000000087e+00 5.493450390000000905e-01
1.473999999999999977e+00 5.636723399999999939e-01
1.475000000000000089e+00 5.751644500000000493e-01
1.475999999999999979e+00 5.861594519999999697e-01
1.477000000000000091e+00 5.940907560000000531e-01
1.477999999999999980e+00 6.014070679999999891e-01
1.479000000000000092e+00 6.072463410000000783e-01
1.479999999999999982e+00 6.137086399999999164e-01
1.481000000000000094e+00 6.185885230000001123e-01
1.481999999999999984e+00 6.226637819999999435e-01
1.483000000000000096e+00 6.263124239999999787e-01
1.483999999999999986e+00 6.302458960000000276e-01
1.485000000000000098e+00 6.309171000000001195e-01
1.485999999999999988e+00 6.320270059999999468e-01
1.487000000000000099e+00 6.315155169999999707e-01
1.487999999999999989e+00 6.327452159999999992e-01
1.489000000000000101e+00 6.342112590000000827e-01
1.489999999999999991e+00 6.367276600000000286e-01
1.491000000000000103e+00 6.381107249999999897e-01
1.491999999999999993e+00 6.387237080000000011e-01
1.493000000000000105e+00 6.384441250000000290e-01
1.493999999999999995e+00 6.372223739999999248e-01
1.495000000000000107e+00 6.374141800000000524e-01
1.495999999999999996e+00 6.372750560000000064e-01
1.497000000000000108e+00 6.393252870000000199e-01
1.497999999999999998e+00 6.413477280000000613e-01
1.499000000000000110e+00 6.426752640000000794e-01
1.500000000000000000e+00 6.423944999999999794e-01
1.501000000000000112e+00 6.428317690000000528e-01
1.502000000000000002e+00 6.431323680000000653e-01
1.503000000000000114e+00 6.432253829999999839e-01
1.504000000000000004e+00 6.436728959999999944e-01
1.505000000000000115e+00 6.455426600000000459e-01
1.506000000000000005e+00 6.487335960000000235e-01
1.507000000000000117e+00 6.493271179999999809e-01
1.508000000000000007e+00 6.503415879999999705e-01
1.509000000000000119e+00 6.513387240000000356e-01
1.510000000000000009e+00 6.516389900000000290e-01
1.511000000000000121e+00 6.528819460000000463e-01
1.512000000000000011e+00 6.535529279999999774e-01
1.513000000000000123e+00 6.548415300000000050e-01
1.514000000000000012e+00 6.560903860000000254e-01
1.515000000000000124e+00 6.573357750000000665e-01
1.516000000000000014e+00 6.586080079999999670e-01
1.517000000000000126e+00 6.594444510000000426e-01
1.518000000000000016e+00 6.595451940000000013e-01
1.519000000000000128e+00 6.587492870000000167e-01
1.520000000000000018e+00 6.580581600000000586e-01
1.521000000000000130e+00 6.580454400000000925e-01
1.522000000000000020e+00 6.590884020000000731e-01
1.523000000000000131e+00 6.616323210000000232e-01
1.524000000000000021e+00 6.635374080000000507e-01
1.525000000000000133e+00 6.634192250000000568e-01
1.526000000000000023e+00 6.634727540000000534e-01
1.527000000000000135e+00 6.646435470000000567e-01
1.528000000000000025e+00 6.666572320000000440e-01
1.529000000000000137e+00 6.672693610000000053e-01
1.530000000000000027e+00 6.686207100000000070e-01
1.531000000000000139e+00 6.688984930000000384e-01
1.532000000000000028e+00 6.711263040000000624e-01
1.533000000000000140e+00 6.714877260000000625e-01
1.534000000000000030e+00 6.710927859999999967e-01
1.535000000000000142e+00 6.709761300000001150e-01
1.536000000000000032e+00 6.710615040000000864e-01
1.537000000000000144e+00 6.720424910000000196e-01
1.538000000000000034e+00 6.736378480000000391e-01
1.539000000000000146e+00 6.751608390000001236e-01
1.540000000000000036e+00 6.755287000000000930e-01
1.541000000000000147e+00 6.753001020000000132e-01
1.542000000000000037e+00 6.748686360000000217e-01
1.543000000000000149e+00 6.730365410000000992e-01
1.544000000000000039e+00 6.720723200000000563e-01
1.545000000000000151e+00 6.719452200000001207e-01
1.546000000000000041e+00 6.742214220000000147e-01
1.547000000000000153e+00 6.756816430000001095e-01
1.548000000000000043e+00 6.766772400000000687e-01
1.549000000000000155e+00 6.773591120000000965e-01
1.550000000000000044e+00 6.770725499999999952e-01
1.551000000000000156e+00 6.760886550000000383e-01
1.552000000000000046e+00 6.762700320000000209e-01
1.553000000000000158e+00 6.774217060000000679e-01
1.554000000000000048e+00 6.779573639999999513e-01
1.555000000000000160e+00 6.794681350000000286e-01
1.556000000000000050e+00 6.807251039999999698e-01
1.557000000000000162e+00 6.804121140000001233e-01
1.558000000000000052e+00 6.784638179999999963e-01
1.559000000000000163e+00 6.768632350000001185e-01
1.560000000000000053e+00 6.771101999999999954e-01
1.561000000000000165e+00 6.781452300000000433e-01
1.562000000000000055e+00 6.792700640000000067e-01
1.563000000000000167e+00 6.805333260000000495e-01
1.564000000000000057e+00 6.832631160000000037e-01
1.565000000000000169e+00 6.836405150000001152e-01
1.566000000000000059e+00 6.816093300000000132e-01
1.567000000000000171e+00 6.804305750000001485e-01
1.568000000000000060e+00 6.805104320000000540e-01
1.569000000000000172e+00 6.816128250000000888e-01
1.570000000000000062e+00 6.826469900000000646e-01
1.571000000000000174e+00 6.838955750000000888e-01
1.572000000000000064e+00 6.857346960000000324e-01
1.573000000000000176e+00 6.865468610000000638e-01
1.574000000000000066e+00 6.865425979999999484e-01
1.575000000000000178e+00 6.858290249999999810e-01
1.576000000000000068e+00 6.862991440000000276e-01
1.577000000000000179e+00 6.872518690000000152e-01
1.578000000000000069e+00 6.886376220000000048e-01
1.579000000000000181e+00 6.905709130000000640e-01
1.580000000000000071e+00 6.924571200000000371e-01
1.581000000000000183e+00 6.939815310000000403e-01
1.582000000000000073e+00 6.917864519999999962e-01
1.583000000000000185e+00 6.904349480000000483e-01
1.584000000000000075e+00 6.913019519999999973e-01
1.585000000000000187e+00 6.937037800000001031e-01
1.586000000000000076e+00 6.939431980000000388e-01
1.586999999999999966e+00 6.934745640000000710e-01
1.588000000000000078e+00 6.941497360000000727e-01
1.588999999999999968e+00 6.939019989999999360e-01
1.590000000000000080e+00 6.936502199999999840e-01
1.590999999999999970e+00 6.925161610000000190e-01
1.592000000000000082e+00 6.932188880000000886e-01
1.592999999999999972e+00 6.940334609999999627e-01
1.594000000000000083e+00 6.950493540000000081e-01
1.594999999999999973e+00 6.956082099999999491e-01
1.596000000000000085e+00 6.963172440000000574e-01
1.596999999999999975e+00 6.982036090000000028e-01
1.598000000000000087e+00 6.978545900000000524e-01
1.598999999999999977e+00 6.977140560000000269e-01
1.600000000000000089e+00 6.977008000000000099e-01
1.600999999999999979e+00 6.988973379999999791e-01
1.602000000000000091e+00 7.013652120000000156e-01
1.602999999999999980e+00 7.048134520000000069e-01
1.604000000000000092e+00 7.082526160000000015e-01
1.604999999999999982e+00 7.075690649999999415e-01
1.606000000000000094e+00 7.065773659999999845e-01
1.606999999999999984e+00 7.055147820000000625e-01
1.608000000000000096e+00 7.056691920000000007e-01
1.608999999999999986e+00 7.065810869999999966e-01
1.610000000000000098e+00 7.084515200000000013e-01
1.610999999999999988e+00 7.098629850000000019e-01
1.612000000000000099e+00 7.089930640000000617e-01
1.612999999999999989e+00 7.098780740000000256e-01
1.614000000000000101e+00 7.115448120000000820e-01
1.614999999999999991e+00 7.127285700000000057e-01
1.616000000000000103e+00 7.108024480000000311e-01
1.616999999999999993e+00 7.100909970000000015e-01
1.618000000000000105e+00 7.113941500000000584e-01
1.618999999999999995e+00 7.136390100000000736e-01
1.620000000000000107e+00 7.149853800000000037e-01
1.620999999999999996e+00 7.150409309999999907e-01
1.622000000000000108e+00 7.132371939999999633e-01
1.622999999999999998e+00 7.116903689999999338e-01
1.624000000000000110e+00 7.103489680000000250e-01
1.625000000000000000e+00 7.121416250000000003e-01
1.626000000000000112e+00 7.147814700000000299e-01
1.627000000000000002e+00 7.169391769999999831e-01
1.628000000000000114e+00 7.163818640000000348e-01
1.629000000000000004e+00 7.176087089999999558e-01
1.630000000000000115e+00 7.171885900000001257e-01
1.631000000000000005e+00 7.137451719999999833e-01
1.632000000000000117e+00 7.113822720000000377e-01
1.633000000000000007e+00 7.121121080000000214e-01
1.634000000000000119e+00 7.148341500000000570e-01
1.635000000000000009e+00 7.169622150000000138e-01
1.636000000000000121e+00 7.203929680000000779e-01
1.637000000000000011e+00 7.210772189999999915e-01
1.638000000000000123e+00 7.213178700000000276e-01
1.639000000000000012e+00 7.206617439999999375e-01
1.640000000000000124e+00 7.221182400000000223e-01
1.641000000000000014e+00 7.244801670000000637e-01
1.642000000000000126e+00 7.268280160000000212e-01
1.643000000000000016e+00 7.270718609999999860e-01
1.644000000000000128e+00 7.279138800000000131e-01
1.645000000000000018e+00 7.283648749999999117e-01
1.646000000000000130e+00 7.292207960000000044e-01
1.647000000000000020e+00 7.292850120000000658e-01
1.648000000000000131e+00 7.302452800000001076e-01
1.649000000000000021e+00 7.295901559999999897e-01
1.650000000000000133e+00 7.309219500000000425e-01
1.651000000000000023e+00 7.334319849999999530e-01
1.652000000000000135e+00 7.362964000000000730e-01
1.653000000000000025e+00 7.366710210000000369e-01
1.654000000000000137e+00 7.353981720000001276e-01
1.655000000000000027e+00 7.350483899999999959e-01
1.656000000000000139e+00 7.350470640000000833e-01
1.657000000000000028e+00 7.353997979999999934e-01
1.658000000000000140e+00 7.358469280000000667e-01
1.659000000000000030e+00 7.378502040000000095e-01
1.660000000000000142e+00 7.401442000000000299e-01
1.661000000000000032e+00 7.400402790000000230e-01
1.662000000000000144e+00 7.395584220000001041e-01
1.663000000000000034e+00 7.398038430000000165e-01
1.664000000000000146e+00 7.386529280000000419e-01
1.665000000000000036e+00 7.382976300000000380e-01
1.666000000000000147e+00 7.388593380000001432e-01
1.667000000000000037e+00 7.408664770000000788e-01
1.668000000000000149e+00 7.410090000000000288e-01
1.669000000000000039e+00 7.411845410000000856e-01
1.670000000000000151e+00 7.392806100000000047e-01
1.671000000000000041e+00 7.373387759999999735e-01
1.672000000000000153e+00 7.349209120000000928e-01
1.673000000000000043e+00 7.351329300000000178e-01
1.674000000000000155e+00 7.386340860000000230e-01
1.675000000000000044e+00 7.417620249999999915e-01
1.676000000000000156e+00 7.436797480000000293e-01
1.677000000000000046e+00 7.437863940000000174e-01
1.678000000000000158e+00 7.434211200000000463e-01
1.679000000000000048e+00 7.436291000000000428e-01
1.680000000000000160e+00 7.459888800000000764e-01
1.681000000000000050e+00 7.456663850000000426e-01
1.682000000000000162e+00 7.439755120000000055e-01
1.683000000000000052e+00 7.446904739999999912e-01
1.684000000000000163e+00 7.464633120000000455e-01
1.685000000000000053e+00 7.486674050000000635e-01
1.686000000000000165e+00 7.481928480000000770e-01
1.687000000000000055e+00 7.465565450000000158e-01
1.688000000000000167e+00 7.450274960000000668e-01
1.689000000000000057e+00 7.463015399999999300e-01
1.690000000000000169e+00 7.472656100000000245e-01
1.691000000000000059e+00 7.489422089999999699e-01
1.692000000000000171e+00 7.510348080000001092e-01
1.693000000000000060e+00 7.542890620000000101e-01
1.694000000000000172e+00 7.547904980000000874e-01
1.695000000000000062e+00 7.555191300000000387e-01
1.696000000000000174e+00 7.540924800000000650e-01
1.697000000000000064e+00 7.552634260000000710e-01
1.698000000000000176e+00 7.557916860000000181e-01
1.699000000000000066e+00 7.572833770000000353e-01
1.700000000000000178e+00 7.587491000000001762e-01
1.701000000000000068e+00 7.614917730000000384e-01
1.702000000000000179e+00 7.618492400000000941e-01
1.703000000000000069e+00 7.599501260000001146e-01
1.704000000000000181e+00 7.577262000000000164e-01
1.705000000000000071e+00 7.567795950000000271e-01
1.706000000000000183e+00 7.586394340000001124e-01
1.707000000000000073e+00 7.598147189999999718e-01
1.708000000000000185e+00 7.607141640000000260e-01
1.709000000000000075e+00 7.614586220000000294e-01
1.710000000000000187e+00 7.610936400000000157e-01
1.711000000000000076e+00 7.611965240000000410e-01
1.712000000000000188e+00 7.605508640000000486e-01
1.713000000000000078e+00 7.596949440000000386e-01
1.714000000000000190e+00 7.595419600000000715e-01
1.715000000000000080e+00 7.610998500000000222e-01
1.716000000000000192e+00 7.632356160000001166e-01
1.717000000000000082e+00 7.642761909999999936e-01
1.717999999999999972e+00 7.669478419999999907e-01
1.719000000000000083e+00 7.672464270000000086e-01
1.719999999999999973e+00 7.668155600000000627e-01
1.721000000000000085e+00 7.648347730000000233e-01
1.721999999999999975e+00 7.665569100000000358e-01
1.723000000000000087e+00 7.681547520000000517e-01
1.723999999999999977e+00 7.695849799999999741e-01
1.725000000000000089e+00 7.717857000000000189e-01
1.725999999999999979e+00 7.748911520000000275e-01
1.727000000000000091e+00 7.772760710000000683e-01
1.727999999999999980e+00 7.750632960000000127e-01
1.729000000000000092e+00 7.731569300000000755e-01
1.729999999999999982e+00 7.714883099999999549e-01
1.731000000000000094e+00 7.727772540000000800e-01
1.731999999999999984e+00 7.740550479999999123e-01
1.733000000000000096e+00 7.755365630000000676e-01
1.733999999999999986e+00 7.760621039999999748e-01
1.735000000000000098e+00 7.755623500000000670e-01
1.735999999999999988e+00 7.754000239999999655e-01
1.737000000000000099e+00 7.748218530000000603e-01
1.737999999999999989e+00 7.762950800000000262e-01
1.739000000000000101e+00 7.775034219999999996e-01
1.739999999999999991e+00 7.788100799999999602e-01
1.741000000000000103e+00 7.794004340000000308e-01
1.741999999999999993e+00 7.804734859999999941e-01
1.743000000000000105e+00 7.824919620000000409e-01
1.743999999999999995e+00 7.824403680000000527e-01
1.745000000000000107e+00 7.815977150000000817e-01
1.745999999999999996e+00 7.808007240000000015e-01
1.747000000000000108e+00 7.811011700000000113e-01
1.747999999999999998e+00 7.815814920000000443e-01
1.749000000000000110e+00 7.837129080000000414e-01
1.750000000000000000e+00 7.871587500000000182e-01
1.751000000000000112e+00 7.880690680000000947e-01
1.752000000000000002e+00 7.873050000000000326e-01
1.753000000000000114e+00 7.863151620000000674e-01
1.754000000000000004e+00 7.859358279999999475e-01
1.755000000000000115e+00 7.874088300000000595e-01
1.756000000000000005e+00 7.887723720000000549e-01
1.757000000000000117e+00 7.911454740000001262e-01
1.758000000000000007e+00 7.910279220000000500e-01
1.759000000000000119e+00 7.922289740000000302e-01
1.760000000000000009e+00 7.928025600000000450e-01
1.761000000000000121e+00 7.920572970000000490e-01
1.762000000000000011e+00 7.904050080000000200e-01
1.763000000000000123e+00 7.907407600000000425e-01
1.764000000000000012e+00 7.928350920000000190e-01
1.765000000000000124e+00 7.952684050000000671e-01
1.766000000000000014e+00 7.971264839999999685e-01
1.767000000000000126e+00 7.981609680000000262e-01
1.768000000000000016e+00 7.964698559999999761e-01
1.769000000000000128e+00 7.953848560000000845e-01
1.770000000000000018e+00 7.942060800000000365e-01
1.771000000000000130e+00 7.958750030000000253e-01
1.772000000000000020e+00 7.968435919999999895e-01
1.773000000000000131e+00 7.967241450000001057e-01
1.774000000000000021e+00 7.983709599999999629e-01
1.775000000000000133e+00 8.030703500000000439e-01
1.776000000000000023e+00 8.118024959999999846e-01
1.777000000000000135e+00 8.093079950000000578e-01
1.778000000000000025e+00 8.035244280000000128e-01
1.779000000000000137e+00 7.987105140000000381e-01
1.780000000000000027e+00 8.028992600000000035e-01
1.781000000000000139e+00 8.052631210000000817e-01
1.782000000000000028e+00 8.078697000000000239e-01
1.783000000000000140e+00 8.100311640000000812e-01
1.784000000000000030e+00 8.102214400000000705e-01
1.785000000000000142e+00 8.083640250000000416e-01
1.786000000000000032e+00 8.073523699999999304e-01
1.787000000000000144e+00 8.081832590000000982e-01
1.788000000000000034e+00 8.097708960000000733e-01
1.789000000000000146e+00 8.115369140000000536e-01
1.790000000000000036e+00 8.127351800000000015e-01
1.791000000000000147e+00 8.131713120000000350e-01
1.792000000000000037e+00 8.123799040000000415e-01
1.793000000000000149e+00 8.105543380000000964e-01
1.794000000000000039e+00 8.096501400000000181e-01
1.795000000000000151e+00 8.098914350000000484e-01
1.796000000000000041e+00 8.091590640000000390e-01
1.797000000000000153e+00 8.103876990000000724e-01
1.798000000000000043e+00 8.124766439999999701e-01
1.799000000000000155e+00 8.158411030000000119e-01
1.800000000000000044e+00 8.163270000000000248e-01
1.801000000000000156e+00 8.166148230000001007e-01
1.802000000000000046e+00 8.166718060000001111e-01
1.803000000000000158e+00 8.166598350000000561e-01
1.804000000000000048e+00 8.171452519999999886e-01
1.805000000000000160e+00 8.182931399999999744e-01
1.806000000000000050e+00 8.209895400000000176e-01
1.807000000000000162e+00 8.230632020000000493e-01
1.808000000000000052e+00 8.240954400000000124e-01
1.809000000000000163e+00 8.239976910000000876e-01
1.810000000000000053e+00 8.242776199999999331e-01
1.811000000000000165e+00 8.242639730000000942e-01
1.812000000000000055e+00 8.248495799999999711e-01
1.813000000000000167e+00 8.268839180000000511e-01
1.814000000000000057e+00 8.308283260000000059e-01
1.815000000000000169e+00 8.328853500000000798e-01
1.816000000000000059e+00 8.329864880000000804e-01
1.817000000000000171e+00 8.325875570000000891e-01
1.818000000000000060e+00 8.310841559999999628e-01
1.819000000000000172e+00 8.287091150000001072e-01
1.820000000000000062e+00 8.272409600000000252e-01
1.821000000000000174e+00 8.276190060000000459e-01
1.822000000000000064e+00 8.294600340000000127e-01
1.823000000000000176e+00 8.305296320000000732e-01
1.824000000000000066e+00 8.313737280000000895e-01
1.825000000000000178e+00 8.311013500000000720e-01
1.826000000000000068e+00 8.303698480000000215e-01
1.827000000000000179e+00 8.291912580000000421e-01
1.828000000000000069e+00 8.292246720000000515e-01
1.829000000000000181e+00 8.293673660000001613e-01
1.830000000000000071e+00 8.305930799999999836e-01
1.831000000000000183e+00 8.326289400000000951e-01
1.832000000000000073e+00 8.353407040000000450e-01
1.833000000000000185e+00 8.353787520000000022e-01
1.834000000000000075e+00 8.343122760000000193e-01
1.835000000000000187e+00 8.341084250000000422e-01
1.836000000000000076e+00 8.346896639999999978e-01
1.837000000000000188e+00 8.354235120000000903e-01
1.838000000000000078e+00 8.370693120000000098e-01
1.839000000000000190e+00 8.411310150000000929e-01
1.840000000000000080e+00 8.421882400000000324e-01
1.841000000000000192e+00 8.409246160000001247e-01
1.842000000000000082e+00 8.382168360000000762e-01
1.843000000000000194e+00 8.369560610000000844e-01
1.844000000000000083e+00 8.371206800000000614e-01
1.845000000000000195e+00 8.392960350000000513e-01
1.846000000000000085e+00 8.421101260000000144e-01
1.847000000000000197e+00 8.434362440000000571e-01
1.848000000000000087e+00 8.441627040000000415e-01
1.849000000000000199e+00 8.441591010000000228e-01
1.850000000000000089e+00 8.430598000000000258e-01
1.850999999999999979e+00 8.415849149999999890e-01
1.852000000000000091e+00 8.413506360000000406e-01
1.852999999999999980e+00 8.422811500000000340e-01
1.854000000000000092e+00 8.442114840000000120e-01
1.854999999999999982e+00 8.471933400000000169e-01
1.856000000000000094e+00 8.470524160000000302e-01
1.856999999999999984e+00 8.457539370000000112e-01
1.858000000000000096e+00 8.439593400000000578e-01
1.858999999999999986e+00 8.437629199999999718e-01
1.860000000000000098e+00 8.439954600000001417e-01
1.860999999999999988e+00 8.438965039999999362e-01
1.862000000000000099e+00 8.457148140000000369e-01
1.862999999999999989e+00 8.480785860000000786e-01
1.864000000000000101e+00 8.508843120000001425e-01
1.864999999999999991e+00 8.508726800000000479e-01
1.866000000000000103e+00 8.490822479999999839e-01
1.866999999999999993e+00 8.465668789999999388e-01
1.868000000000000105e+00 8.465514480000000397e-01
1.868999999999999995e+00 8.499053219999999076e-01
1.870000000000000107e+00 8.515044999999999975e-01
1.870999999999999996e+00 8.524575360000000712e-01
1.872000000000000108e+00 8.522673120000000546e-01
1.872999999999999998e+00 8.546124400000000287e-01
1.874000000000000110e+00 8.564985819999999528e-01
1.875000000000000000e+00 8.567550000000000443e-01
1.876000000000000112e+00 8.560225519999999921e-01
1.877000000000000002e+00 8.570626009999999795e-01
1.878000000000000114e+00 8.585239440000000943e-01
1.879000000000000004e+00 8.603583989999999959e-01
1.880000000000000115e+00 8.617619200000000701e-01
1.881000000000000005e+00 8.606270970000000631e-01
1.882000000000000117e+00 8.574900140000000226e-01
1.883000000000000007e+00 8.551512690000000472e-01
1.884000000000000119e+00 8.557504800000000911e-01
1.885000000000000009e+00 8.574676500000000257e-01
1.886000000000000121e+00 8.594219100000001221e-01
1.887000000000000011e+00 8.613230370000000136e-01
1.888000000000000123e+00 8.613320320000000807e-01
1.889000000000000012e+00 8.612045449999999880e-01
1.890000000000000124e+00 8.599481100000000433e-01
1.891000000000000014e+00 8.585234550000000464e-01
1.892000000000000126e+00 8.593955920000000415e-01
1.893000000000000016e+00 8.595961559999999446e-01
1.894000000000000128e+00 8.601449480000000758e-01
1.895000000000000018e+00 8.624126049999999433e-01
1.896000000000000130e+00 8.647523280000001256e-01
1.897000000000000020e+00 8.664225009999999561e-01
1.898000000000000131e+00 8.650989100000000542e-01
1.899000000000000021e+00 8.632816020000000368e-01
1.900000000000000133e+00 8.621060000000000390e-01
1.901000000000000023e+00 8.642155109999999363e-01
1.902000000000000135e+00 8.656268280000001258e-01
1.903000000000000025e+00 8.666166849999999977e-01
1.904000000000000137e+00 8.678546240000000189e-01
1.905000000000000027e+00 8.688590699999999556e-01
1.906000000000000139e+00 8.681944360000001248e-01
1.907000000000000028e+00 8.677116979999999202e-01
1.908000000000000140e+00 8.684624520000000514e-01
1.909000000000000030e+00 8.709373430000000305e-01
1.910000000000000142e+00 8.739205000000001000e-01
1.911000000000000032e+00 8.765279249999999855e-01
1.912000000000000144e+00 8.783058800000000943e-01
1.913000000000000034e+00 8.792281909999999367e-01
1.914000000000000146e+00 8.783977620000000819e-01
1.915000000000000036e+00 8.771082999999999519e-01
1.916000000000000147e+00 8.749069120000000366e-01
1.917000000000000037e+00 8.749264679999999572e-01
1.918000000000000149e+00 8.776307680000000611e-01
1.919000000000000039e+00 8.792992330000000134e-01
1.920000000000000151e+00 8.804198400000000646e-01
1.921000000000000041e+00 8.795413760000000414e-01
1.922000000000000153e+00 8.797628260000001088e-01
1.923000000000000043e+00 8.787360029999999878e-01
1.924000000000000155e+00 8.785580440000000380e-01
1.925000000000000044e+00 8.772340499999999874e-01
1.926000000000000156e+00 8.771620320000000914e-01
1.927000000000000046e+00 8.796504490000000009e-01
1.928000000000000158e+00 8.818324960000001322e-01
1.929000000000000048e+00 8.823631800000000247e-01
1.930000000000000160e+00 8.818498100000000672e-01
1.931000000000000050e+00 8.807310309999999420e-01
1.932000000000000162e+00 8.786909880000001172e-01
1.933000000000000052e+00 8.766560930000000251e-01
1.934000000000000163e+00 8.782468060000000465e-01
1.935000000000000053e+00 8.810635500000000286e-01
1.936000000000000165e+00 8.839776000000001410e-01
1.937000000000000055e+00 8.843044210000000627e-01
1.938000000000000167e+00 8.853539820000000393e-01
1.939000000000000057e+00 8.849634779999999701e-01
1.940000000000000169e+00 8.848592200000000574e-01
1.941000000000000059e+00 8.847970859999999549e-01
1.942000000000000171e+00 8.873774800000000518e-01
1.943000000000000060e+00 8.903778070000000211e-01
1.944000000000000172e+00 8.930288880000000207e-01
1.945000000000000062e+00 8.952698850000000430e-01
1.946000000000000174e+00 8.971760560000000551e-01
1.947000000000000064e+00 8.967083730000000585e-01
1.948000000000000176e+00 8.946988680000000915e-01
1.949000000000000066e+00 8.931097599999999748e-01
1.950000000000000178e+00 8.941276500000001626e-01
1.951000000000000068e+00 8.966620410000001318e-01
1.952000000000000179e+00 8.986110080000000444e-01
1.953000000000000069e+00 8.986006890000000080e-01
1.954000000000000181e+00 8.984452920000000065e-01
1.955000000000000071e+00 8.979784200000000549e-01
1.956000000000000183e+00 8.980289400000001088e-01
1.957000000000000073e+00 8.976465450000000734e-01
1.958000000000000185e+00 8.959514300000001041e-01
1.959000000000000075e+00 8.932726560000000537e-01
1.960000000000000187e+00 8.916118400000000443e-01
1.961000000000000076e+00 8.931001909999999322e-01
1.962000000000000188e+00 8.973932940000000080e-01
1.963000000000000078e+00 9.010189630000000616e-01
1.964000000000000190e+00 9.025876240000000328e-01
1.965000000000000080e+00 9.023790900000000503e-01
1.966000000000000192e+00 9.041535700000000730e-01
1.967000000000000082e+00 9.069797660000000761e-01
1.968000000000000194e+00 9.090920160000001138e-01
1.969000000000000083e+00 9.087348490000001222e-01
1.970000000000000195e+00 9.073544200000001059e-01
1.971000000000000085e+00 9.079726860000000288e-01
1.972000000000000197e+00 9.076248320000001035e-01
1.973000000000000087e+00 9.083810380000000295e-01
1.974000000000000199e+00 9.080557920000000838e-01
1.975000000000000089e+00 9.090766999999999598e-01
1.976000000000000201e+00 9.102266160000000994e-01
1.977000000000000091e+00 9.113910689999999981e-01
1.978000000000000203e+00 9.130566680000000712e-01
1.979000000000000092e+00 9.149609650000000149e-01
1.980000000000000204e+00 9.151401600000000913e-01
1.981000000000000094e+00 9.151863420000000415e-01
1.981999999999999984e+00 9.153470599999999902e-01
1.983000000000000096e+00 9.164533649999999643e-01
1.983999999999999986e+00 9.175127039999999567e-01
1.985000000000000098e+00 9.193289300000000441e-01
1.985999999999999988e+00 9.207135720000000356e-01
1.987000000000000099e+00 9.226356320000000943e-01
1.987999999999999989e+00 9.223624200000000162e-01
1.989000000000000101e+00 9.232878330000000577e-01
1.989999999999999991e+00 9.228644900000000373e-01
1.991000000000000103e+00 9.239474420000000077e-01
1.991999999999999993e+00 9.248437680000000105e-01
1.993000000000000105e+00 9.253120330000000893e-01
1.993999999999999995e+00 9.246497040000000167e-01
1.995000000000000107e+00 9.209658150000000765e-01
1.995999999999999996e+00 9.174474280000000093e-01
1.997000000000000108e+00 9.146479670000000617e-01
1.997999999999999998e+00 9.191639160000000253e-01
1.999000000000000110e+00 9.228203590000001455e-01
2.000000000000000000e+00 9.244120000000000115e-01
2.000999999999999890e+00 9.235195290000000057e-01
2.002000000000000224e+00 9.232042820000001537e-01
2.003000000000000114e+00 9.226138480000001252e-01
2.004000000000000004e+00 9.226596360000000052e-01
2.004999999999999893e+00 9.238598900000000169e-01
2.006000000000000227e+00 9.245714180000000892e-01
2.007000000000000117e+00 9.270493560000000466e-01
2.008000000000000007e+00 9.277763199999999877e-01
2.008999999999999897e+00 9.287064569999999852e-01
2.010000000000000231e+00 9.276954000000001699e-01
2.011000000000000121e+00 9.261499620000001043e-01
2.012000000000000011e+00 9.257654639999999269e-01
2.012999999999999901e+00 9.263866259999999908e-01
2.014000000000000234e+00 9.279303600000000651e-01
2.015000000000000124e+00 9.272344900000001333e-01
2.016000000000000014e+00 9.277752959999999716e-01
2.016999999999999904e+00 9.283968619999999339e-01
2.018000000000000238e+00 9.288995260000001419e-01
2.019000000000000128e+00 9.279364380000000301e-01
2.020000000000000018e+00 9.257801400000000847e-01
2.020999999999999908e+00 9.264142739999999820e-01
2.022000000000000242e+00 9.299218440000001085e-01
2.023000000000000131e+00 9.321963770000001315e-01
2.024000000000000021e+00 9.323353599999999464e-01
2.024999999999999911e+00 9.301553999999999656e-01
2.026000000000000245e+00 9.304708900000000504e-01
2.027000000000000135e+00 9.313801489999999905e-01
2.028000000000000025e+00 9.313549439999999624e-01
2.028999999999999915e+00 9.307631699999999730e-01
2.030000000000000249e+00 9.332417500000000921e-01
2.031000000000000139e+00 9.364169220000001514e-01
2.032000000000000028e+00 9.380179360000000521e-01
2.032999999999999918e+00 9.370706899999999839e-01
2.034000000000000252e+00 9.361932480000001444e-01
2.035000000000000142e+00 9.370381350000001053e-01
2.036000000000000032e+00 9.376003960000000026e-01
2.036999999999999922e+00 9.377451719999999602e-01
2.038000000000000256e+00 9.384541640000001461e-01
2.039000000000000146e+00 9.407273130000001204e-01
2.040000000000000036e+00 9.395199600000000428e-01
2.040999999999999925e+00 9.377843930000000494e-01
2.042000000000000259e+00 9.374515700000001228e-01
2.043000000000000149e+00 9.383049540000001354e-01
2.044000000000000039e+00 9.387621879999999974e-01
2.044999999999999929e+00 9.390660450000000159e-01
2.046000000000000263e+00 9.385615800000002285e-01
2.047000000000000153e+00 9.396344100000000310e-01
2.048000000000000043e+00 9.399992320000000179e-01
2.048999999999999932e+00 9.400791509999999462e-01
2.050000000000000266e+00 9.410812000000001731e-01
2.051000000000000156e+00 9.403465820000000974e-01
2.052000000000000046e+00 9.393501960000000262e-01
2.052999999999999936e+00 9.387794160000000332e-01
2.054000000000000270e+00 9.406477860000000968e-01
2.055000000000000160e+00 9.419647349999999975e-01
2.056000000000000050e+00 9.442056639999999446e-01
2.056999999999999940e+00 9.451092199999999721e-01
2.058000000000000274e+00 9.474846780000001356e-01
2.059000000000000163e+00 9.485133530000000590e-01
2.060000000000000053e+00 9.473795799999999989e-01
2.060999999999999943e+00 9.476704710000000143e-01
2.062000000000000277e+00 9.477302540000001052e-01
2.063000000000000167e+00 9.507314870000000973e-01
2.064000000000000057e+00 9.512336160000000040e-01
2.064999999999999947e+00 9.508395749999999369e-01
2.066000000000000281e+00 9.499715920000001423e-01
2.067000000000000171e+00 9.497782320000001111e-01
2.068000000000000060e+00 9.499337320000000862e-01
2.068999999999999950e+00 9.495096179999999997e-01
2.070000000000000284e+00 9.518211900000000947e-01
2.071000000000000174e+00 9.538052630000000143e-01
2.072000000000000064e+00 9.586833200000000055e-01
2.072999999999999954e+00 9.599254529999999841e-01
2.074000000000000288e+00 9.606685040000001452e-01
2.075000000000000178e+00 9.627854750000001127e-01
2.076000000000000068e+00 9.631539720000000804e-01
2.076999999999999957e+00 9.613373729999999950e-01
2.078000000000000291e+00 9.583050260000001153e-01
2.079000000000000181e+00 9.599054850000000583e-01
2.080000000000000071e+00 9.633728000000000291e-01
2.080999999999999961e+00 9.668492480000000500e-01
2.082000000000000295e+00 9.677927160000000528e-01
2.083000000000000185e+00 9.691886550000000655e-01
2.084000000000000075e+00 9.708126440000000024e-01
2.084999999999999964e+00 9.694499399999999545e-01
2.086000000000000298e+00 9.707221860000001534e-01
2.087000000000000188e+00 9.712543210000000871e-01
2.088000000000000078e+00 9.738118800000000741e-01
2.088999999999999968e+00 9.713432199999999517e-01
2.090000000000000302e+00 9.681527900000000963e-01
2.091000000000000192e+00 9.661214580000000440e-01
2.092000000000000082e+00 9.675792880000000373e-01
2.092999999999999972e+00 9.698710839999999944e-01
2.094000000000000306e+00 9.710108340000001004e-01
2.095000000000000195e+00 9.688390350000001261e-01
2.096000000000000085e+00 9.681738400000000633e-01
2.096999999999999975e+00 9.708564779999999672e-01
2.098000000000000309e+00 9.732433180000001904e-01
2.099000000000000199e+00 9.730901030000000951e-01
2.100000000000000089e+00 9.715083000000001023e-01
2.100999999999999979e+00 9.707334340000000061e-01
2.102000000000000313e+00 9.702726900000000487e-01
2.103000000000000203e+00 9.691927860000000283e-01
2.104000000000000092e+00 9.682502800000001297e-01
2.104999999999999982e+00 9.709986100000000953e-01
2.106000000000000316e+00 9.720243000000001743e-01
2.107000000000000206e+00 9.719317090000001436e-01
2.108000000000000096e+00 9.724309400000000769e-01
2.108999999999999986e+00 9.733836420000000489e-01
2.110000000000000320e+00 9.746258800000001665e-01
2.111000000000000210e+00 9.729556780000000460e-01
2.112000000000000099e+00 9.709265280000000109e-01
2.112999999999999989e+00 9.716292420000000041e-01
2.114000000000000323e+00 9.741269720000000909e-01
2.115000000000000213e+00 9.739236600000000799e-01
2.116000000000000103e+00 9.747121240000000686e-01
2.116999999999999993e+00 9.753971650000000659e-01
2.117999999999999883e+00 9.771329460000000022e-01
2.119000000000000217e+00 9.792683030000001176e-01
2.120000000000000107e+00 9.816723600000000216e-01
2.120999999999999996e+00 9.839912880000000195e-01
2.121999999999999886e+00 9.857793440000000018e-01
2.123000000000000220e+00 9.850613850000000671e-01
2.124000000000000110e+00 9.853299720000000539e-01
2.125000000000000000e+00 9.883672500000000305e-01
2.125999999999999890e+00 9.919724659999998861e-01
2.127000000000000224e+00 9.925454070000000462e-01
2.128000000000000114e+00 9.909138400000000457e-01
2.129000000000000004e+00 9.904214449999999559e-01
2.129999999999999893e+00 9.934724699999999409e-01
2.131000000000000227e+00 9.961636530000000933e-01
2.132000000000000117e+00 9.963923320000001027e-01
2.133000000000000007e+00 9.952897950000000327e-01
2.133999999999999897e+00 9.932297539999999092e-01
2.135000000000000231e+00 9.949441600000000774e-01
2.136000000000000121e+00 9.947480160000000682e-01
2.137000000000000011e+00 9.944593609999999861e-01
2.137999999999999901e+00 9.937766080000000057e-01
2.139000000000000234e+00 9.919569720000001034e-01
2.140000000000000124e+00 9.898227600000000237e-01
2.141000000000000014e+00 9.885061229999999588e-01
2.141999999999999904e+00 9.899231579999998587e-01
2.143000000000000238e+00 9.901838650000001074e-01
2.144000000000000128e+00 9.900992000000000681e-01
2.145000000000000018e+00 9.884975100000000792e-01
2.145999999999999908e+00 9.889175739999999104e-01
2.147000000000000242e+00 9.898099400000001102e-01
2.148000000000000131e+00 9.910635720000000592e-01
2.149000000000000021e+00 9.943616410000000183e-01
2.149999999999999911e+00 9.940159499999999815e-01
2.151000000000000245e+00 9.926262720000000872e-01
2.152000000000000135e+00 9.900232960000000526e-01
2.153000000000000025e+00 9.888126160000000331e-01
2.153999999999999915e+00 9.886881539999999857e-01
2.155000000000000249e+00 9.895673800000001075e-01
2.156000000000000139e+00 9.911714120000000294e-01
2.157000000000000028e+00 9.896876820000000130e-01
2.157999999999999918e+00 9.884567939999998609e-01
2.159000000000000252e+00 9.896143530000001132e-01
2.160000000000000142e+00 9.917532000000001124e-01
2.161000000000000032e+00 9.925710710000000825e-01
2.161999999999999922e+00 9.909181080000000197e-01
2.163000000000000256e+00 9.913245300000000926e-01
2.164000000000000146e+00 9.908999280000000409e-01
2.165000000000000036e+00 9.883051800000000053e-01
2.165999999999999925e+00 9.858267419999999781e-01
2.167000000000000259e+00 9.866957760000001354e-01
2.168000000000000149e+00 9.879576000000001024e-01
2.169000000000000039e+00 9.866347200000000761e-01
2.169999999999999929e+00 9.853036899999999543e-01
2.171000000000000263e+00 9.847113250000001372e-01
2.172000000000000153e+00 9.868742640000000010e-01
2.173000000000000043e+00 9.870070220000000116e-01
2.173999999999999932e+00 9.875525439999999211e-01
2.175000000000000266e+00 9.863733750000001077e-01
2.176000000000000156e+00 9.825292800000000604e-01
2.177000000000000046e+00 9.778561520000000895e-01
2.177999999999999936e+00 9.743021640000000261e-01
2.179000000000000270e+00 9.712674600000001934e-01
2.180000000000000160e+00 9.678371600000000852e-01
2.181000000000000050e+00 9.653716680000000716e-01
2.181999999999999940e+00 9.638483139999999283e-01
2.183000000000000274e+00 9.616529770000000754e-01
2.184000000000000163e+00 9.580290720000000926e-01
2.185000000000000053e+00 9.510999100000000483e-01
2.185999999999999943e+00 9.457838299999999920e-01
2.187000000000000277e+00 9.394630290000001160e-01
2.188000000000000167e+00 9.366631080000000775e-01
2.189000000000000057e+00 9.308547380000000704e-01
2.189999999999999947e+00 9.278876699999999422e-01
2.191000000000000281e+00 9.207480310000000223e-01
2.192000000000000171e+00 9.165760320000001515e-01
2.193000000000000060e+00 9.105906179999999628e-01
2.193999999999999950e+00 9.054725759999999735e-01
2.195000000000000284e+00 8.980601050000001084e-01
2.196000000000000174e+00 8.926432560000000516e-01
2.197000000000000064e+00 8.873155720000001079e-01
2.197999999999999954e+00 8.797824699999999831e-01
2.199000000000000288e+00 8.715604560000000944e-01
2.200000000000000178e+00 8.658518000000000603e-01
2.201000000000000068e+00 8.583922010000000213e-01
2.201999999999999957e+00 8.497606080000000839e-01
2.203000000000000291e+00 8.400986290000000967e-01
2.204000000000000181e+00 8.329070280000000492e-01
2.205000000000000071e+00 8.275012200000000373e-01
2.205999999999999961e+00 8.237424600000000652e-01
2.207000000000000295e+00 8.193156450000000923e-01
2.208000000000000185e+00 8.147012160000001169e-01
2.209000000000000075e+00 8.084144760000000485e-01
2.209999999999999964e+00 8.038609799999999472e-01
2.211000000000000298e+00 8.009303280000001912e-01
2.212000000000000188e+00 8.004874080000000669e-01
2.213000000000000078e+00 8.002362910000000440e-01
2.213999999999999968e+00 7.987137840000000377e-01
2.215000000000000302e+00 7.961529550000001620e-01
2.216000000000000192e+00 7.957700320000000715e-01
2.217000000000000082e+00 7.971489539999999652e-01
2.217999999999999972e+00 7.988681499999999991e-01
2.219000000000000306e+00 7.992571720000001267e-01
2.220000000000000195e+00 8.001390600000000131e-01
2.221000000000000085e+00 8.017565690000000300e-01
2.221999999999999975e+00 8.023953079999999183e-01
2.223000000000000309e+00 8.065822050000001076e-01
2.224000000000000199e+00 8.091067680000000317e-01
2.225000000000000089e+00 8.108456250000000143e-01
2.225999999999999979e+00 8.105934480000001052e-01
2.227000000000000313e+00 8.114185850000000810e-01
2.228000000000000203e+00 8.133113480000000450e-01
2.229000000000000092e+00 8.167657830000000230e-01
2.229999999999999982e+00 8.209031399999999756e-01
2.231000000000000316e+00 8.237119720000001255e-01
2.232000000000000206e+00 8.259270480000000525e-01
2.233000000000000096e+00 8.291821230000000487e-01
2.233999999999999986e+00 8.327726479999999487e-01
2.235000000000000320e+00 8.356866150000000770e-01
2.236000000000000210e+00 8.392177560000001479e-01
2.237000000000000099e+00 8.410068609999999945e-01
2.237999999999999989e+00 8.424100560000000737e-01
2.239000000000000323e+00 8.455023750000001392e-01
2.240000000000000213e+00 8.498761600000001026e-01
2.241000000000000103e+00 8.497984050000000344e-01
2.241999999999999993e+00 8.476037939999999660e-01
2.243000000000000327e+00 8.469119400000001407e-01
2.244000000000000217e+00 8.499486600000001335e-01
2.245000000000000107e+00 8.539014650000000817e-01
2.245999999999999996e+00 8.569904979999999339e-01
2.246999999999999886e+00 8.577293339999999544e-01
2.248000000000000220e+00 8.557236800000000976e-01
2.249000000000000110e+00 8.553981540000000772e-01
2.250000000000000000e+00 8.565592499999999943e-01
2.250999999999999890e+00 8.605527980000000632e-01
2.252000000000000224e+00 8.607076440000001050e-01
2.253000000000000114e+00 8.600714850000000800e-01
2.254000000000000004e+00 8.599077619999999644e-01
2.254999999999999893e+00 8.617144249999999506e-01
2.256000000000000227e+00 8.644766400000000184e-01
2.257000000000000117e+00 8.660763529999999655e-01
2.258000000000000007e+00 8.667987820000000454e-01
2.258999999999999897e+00 8.676434969999999858e-01
2.260000000000000231e+00 8.696412200000001036e-01
2.261000000000000121e+00 8.712243469999999546e-01
2.262000000000000011e+00 8.744824140000000412e-01
2.262999999999999901e+00 8.762947009999999537e-01
2.264000000000000234e+00 8.765823120000001412e-01
2.265000000000000124e+00 8.766546600000000300e-01
2.266000000000000014e+00 8.805789299999999820e-01
2.266999999999999904e+00 8.832231999999999861e-01
2.268000000000000238e+00 8.852253480000001895e-01
2.269000000000000128e+00 8.878687760000000262e-01
2.270000000000000018e+00 8.923801300000000492e-01
2.270999999999999908e+00 8.971471949999999529e-01
2.272000000000000242e+00 9.022180160000000670e-01
2.273000000000000131e+00 9.051267840000000175e-01
2.274000000000000021e+00 9.070440240000000598e-01
2.274999999999999911e+00 9.091969249999999336e-01
2.276000000000000245e+00 9.117087000000001495e-01
2.277000000000000135e+00 9.145934820000001242e-01
2.278000000000000025e+00 9.165692460000000041e-01
2.278999999999999915e+00 9.184073729999999713e-01
2.280000000000000249e+00 9.190702800000000172e-01
2.281000000000000139e+00 9.205500130000000558e-01
2.282000000000000028e+00 9.249653420000000237e-01
2.282999999999999918e+00 9.305234039999999984e-01
2.284000000000000252e+00 9.352157760000000541e-01
2.285000000000000142e+00 9.362718949999999651e-01
2.286000000000000032e+00 9.372531419999999835e-01
2.286999999999999922e+00 9.393143529999999908e-01
2.288000000000000256e+00 9.430815680000000922e-01
2.289000000000000146e+00 9.459521400000000524e-01
2.290000000000000036e+00 9.481653400000000786e-01
2.290999999999999925e+00 9.486664439999999976e-01
2.292000000000000259e+00 9.487504800000000627e-01
2.293000000000000149e+00 9.508406030000000619e-01
2.294000000000000039e+00 9.561300240000000228e-01
2.294999999999999929e+00 9.601247249999999012e-01
2.296000000000000263e+00 9.607474240000000165e-01
2.297000000000000153e+00 9.606008060000000848e-01
2.298000000000000043e+00 9.609569580000000277e-01
2.298999999999999932e+00 9.650213429999999759e-01
2.300000000000000266e+00 9.677434000000001424e-01
2.301000000000000156e+00 9.675612960000000706e-01
2.302000000000000046e+00 9.653321900000000344e-01
2.302999999999999936e+00 9.642730089999999032e-01
2.304000000000000270e+00 9.658183680000000937e-01
2.305000000000000160e+00 9.670742750000000942e-01
2.306000000000000050e+00 9.667536039999999886e-01
2.306999999999999940e+00 9.646858919999999893e-01
2.308000000000000274e+00 9.634053600000000994e-01
2.309000000000000163e+00 9.632432210000001493e-01
2.310000000000000053e+00 9.620110500000000897e-01
2.310999999999999943e+00 9.588107899999999129e-01
2.312000000000000277e+00 9.533763200000001659e-01
2.313000000000000167e+00 9.445598100000001107e-01
2.314000000000000057e+00 9.345551800000000409e-01
2.314999999999999947e+00 9.235113749999999122e-01
2.316000000000000281e+00 9.151488720000000576e-01
2.317000000000000171e+00 9.054511620000000871e-01
2.318000000000000060e+00 8.922700580000000325e-01
2.318999999999999950e+00 8.755152599999999063e-01
2.320000000000000284e+00 8.570938400000001067e-01
2.321000000000000174e+00 8.379924079999999664e-01
2.322000000000000064e+00 8.192642940000000040e-01
2.322999999999999954e+00 7.990121110000000249e-01
2.324000000000000288e+00 7.747913880000000253e-01
2.325000000000000178e+00 7.493847000000000147e-01
2.326000000000000068e+00 7.252305179999999352e-01
2.326999999999999957e+00 7.010785600000000173e-01
2.328000000000000291e+00 6.780672480000001778e-01
2.329000000000000181e+00 6.540460830000000003e-01
2.330000000000000071e+00 6.297267699999999913e-01
2.330999999999999961e+00 6.037220069999998939e-01
2.332000000000000295e+00 5.806166960000000987e-01
2.333000000000000185e+00 5.578366310000000272e-01
2.334000000000000075e+00 5.340028620000000226e-01
2.334999999999999964e+00 5.085349799999999698e-01
2.336000000000000298e+00 4.839561280000000409e-01
2.337000000000000188e+00 4.620295739999999984e-01
2.338000000000000078e+00 4.421391800000000205e-01
2.338999999999999968e+00 4.243460579999999704e-01
2.340000000000000302e+00 4.085031600000000873e-01
2.341000000000000192e+00 3.951631410000000511e-01
2.342000000000000082e+00 3.847016039999999748e-01
2.342999999999999972e+00 3.765411869999999994e-01
2.344000000000000306e+00 3.709380000000000455e-01
2.345000000000000195e+00 3.663640400000000574e-01
2.346000000000000085e+00 3.634892399999999912e-01
2.346999999999999975e+00 3.614825929999999632e-01
2.348000000000000309e+00 3.610449159999999935e-01
2.349000000000000199e+00 3.605973390000000722e-01
2.350000000000000089e+00 3.591246500000000452e-01
2.350999999999999979e+00 3.569335220000000031e-01
2.352000000000000313e+00 3.533997600000000627e-01
2.353000000000000203e+00 3.495569740000000203e-01
2.354000000000000092e+00 3.442348360000000440e-01
2.354999999999999982e+00 3.380178600000000033e-01
2.356000000000000316e+00 3.299742920000000024e-01
2.357000000000000206e+00 3.198991110000000693e-01
2.358000000000000096e+00 3.085089300000000145e-01
2.358999999999999986e+00 2.956463930000000073e-01
2.360000000000000320e+00 2.818854800000000216e-01
2.361000000000000210e+00 2.659737330000000455e-01
2.362000000000000099e+00 2.486737220000000137e-01
2.362999999999999989e+00 2.296991958000000056e-01
2.364000000000000323e+00 2.107042656000000236e-01
2.365000000000000213e+00 1.917215630000000393e-01
2.366000000000000103e+00 1.726332972000000354e-01
2.366999999999999993e+00 1.536867063000000033e-01
2.368000000000000327e+00 1.350420672000000044e-01
2.369000000000000217e+00 1.173273309000000125e-01
2.370000000000000107e+00 1.009923360000000020e-01
2.370999999999999996e+00 8.633142939999999266e-02
2.372000000000000330e+00 7.335338840000001082e-02
2.373000000000000220e+00 6.197160690000001054e-02
2.374000000000000110e+00 5.249151399999999607e-02
2.375000000000000000e+00 4.823245000000000310e-02
2.376000000000000334e+00 4.451816160000000161e-02
2.377000000000000224e+00 4.155946800000000219e-02
2.378000000000000114e+00 3.937302160000000217e-02
2.379000000000000004e+00 3.782300730000000277e-02
2.379999999999999893e+00 3.681717199999999524e-02
2.381000000000000227e+00 3.284065679999999959e-02
2.382000000000000117e+00 2.963684400000000246e-02
2.383000000000000007e+00 2.697794299999999729e-02
2.383999999999999897e+00 2.462242879999999856e-02
2.385000000000000231e+00 2.266897185000000398e-02
2.386000000000000121e+00 2.092216592000000278e-02
2.387000000000000011e+00 1.936372592000000156e-02
2.387999999999999901e+00 1.792435187999999804e-02
2.389000000000000234e+00 1.649360822000000074e-02
2.390000000000000124e+00 1.515508560000000150e-02
2.391000000000000014e+00 1.391738933999999914e-02
2.391999999999999904e+00 1.278277623999999994e-02
2.393000000000000238e+00 1.170930795000000094e-02
2.394000000000000128e+00 1.066371390000000162e-02
2.395000000000000018e+00 9.645024250000000174e-03
2.395999999999999908e+00 8.710035039999999493e-03
2.397000000000000242e+00 7.877884320000000384e-03
2.398000000000000131e+00 7.118846680000000607e-03
2.399000000000000021e+00 6.405977730000000751e-03
2.399999999999999911e+00 5.737151999999999703e-03
2.401000000000000245e+00 5.114610200000000405e-03
2.402000000000000135e+00 4.552822860000000672e-03
2.403000000000000025e+00 4.044056760000000299e-03
2.403999999999999915e+00 3.585349639999999873e-03
2.405000000000000249e+00 3.156394150000000568e-03
2.406000000000000139e+00 2.772987179999999909e-03
2.407000000000000028e+00 2.431936520000000084e-03
2.407999999999999918e+00 2.133844383999999959e-03
2.409000000000000252e+00 1.867326714000000281e-03
2.410000000000000142e+00 1.630632510000000262e-03
2.411000000000000032e+00 1.418162255000000004e-03
2.411999999999999922e+00 1.229876387999999940e-03
2.413000000000000256e+00 1.067330224999999983e-03
2.414000000000000146e+00 9.279343580000001378e-04
2.415000000000000036e+00 8.074335149999999810e-04
2.415999999999999925e+00 7.022103999999999065e-04
2.417000000000000259e+00 6.094658860000000443e-04
2.418000000000000149e+00 5.294307720000000642e-04
2.419000000000000039e+00 4.602437779999999723e-04
2.419999999999999929e+00 4.012238999999999584e-04
2.421000000000000263e+00 3.505244850000000206e-04
2.422000000000000153e+00 3.071871040000000164e-04
2.423000000000000043e+00 2.694424460000000065e-04
