1.503000000000000114e+01 1.503000000000000213e-03
1.503600000000000136e+01 1.503600000000000119e-03
1.504200000000000159e+01 1.504200000000000242e-03
1.504800000000000004e+01 1.504800000000000148e-03
1.505300000000000082e+01 1.505300000000000214e-03
1.505900000000000105e+01 1.505900000000000120e-03
1.506500000000000128e+01 1.506500000000000243e-03
1.507100000000000151e+01 1.507100000000000150e-03
1.507699999999999996e+01 1.507700000000000056e-03
1.508200000000000074e+01 1.508200000000000122e-03
1.508800000000000097e+01 1.508800000000000245e-03
1.509400000000000119e+01 3.018800000000000303e-03
1.510000000000000142e+01 3.020000000000000549e-03
1.510599999999999987e+01 3.021199999999999927e-03
1.511100000000000065e+01 3.022200000000000060e-03
1.511700000000000088e+01 3.023400000000000306e-03
1.512300000000000111e+01 3.024600000000000552e-03
1.512900000000000134e+01 3.025800000000000364e-03
1.513500000000000156e+01 3.027000000000000610e-03
1.514000000000000057e+01 3.028000000000000309e-03
1.514600000000000080e+01 3.029200000000000122e-03
1.515200000000000102e+01 3.030400000000000368e-03
1.515800000000000125e+01 3.031600000000000180e-03
1.516400000000000148e+01 3.032800000000000426e-03
1.516900000000000048e+01 3.033800000000000125e-03
1.517500000000000071e+01 3.035000000000000371e-03
1.518100000000000094e+01 3.036200000000000183e-03
1.518700000000000117e+01 3.037400000000000429e-03
1.519300000000000139e+01 3.038600000000000242e-03
1.519800000000000040e+01 3.039600000000000374e-03
1.520400000000000063e+01 1.520400000000000093e-03
1.521000000000000085e+01 1.521000000000000216e-03
1.521600000000000108e+01 1.521600000000000123e-03
1.522200000000000131e+01 1.522200000000000246e-03
1.522700000000000031e+01 1.522700000000000095e-03
1.523300000000000054e+01 1.523300000000000218e-03
1.523900000000000077e+01 1.523900000000000124e-03
1.524500000000000099e+01 1.524500000000000247e-03
1.525100000000000122e+01 1.525100000000000153e-03
1.525600000000000023e+01 1.525600000000000003e-03
1.526200000000000045e+01 1.526200000000000126e-03
1.526800000000000068e+01 1.526800000000000249e-03
1.527400000000000091e+01 1.527400000000000155e-03
1.528000000000000114e+01 1.528000000000000278e-03
1.528500000000000014e+01 1.528500000000000128e-03
1.529100000000000037e+01 1.529100000000000034e-03
1.529700000000000060e+01 1.529700000000000157e-03
1.530300000000000082e+01 1.530300000000000063e-03
1.530900000000000105e+01 1.530900000000000186e-03
1.531400000000000006e+01 1.531400000000000036e-03
1.532000000000000028e+01 1.532000000000000159e-03
1.532600000000000051e+01 1.532600000000000065e-03
1.533200000000000074e+01 3.066400000000000375e-03
1.533800000000000097e+01 3.067600000000000188e-03
1.534299999999999997e+01 3.068600000000000320e-03
1.534900000000000020e+01 3.069800000000000133e-03
1.535500000000000043e+01 3.071000000000000379e-03
1.536100000000000065e+01 1.536100000000000096e-03
1.536700000000000088e+01 1.536700000000000219e-03
1.537199999999999989e+01 1.537200000000000068e-03
1.537800000000000011e+01 1.537800000000000191e-03
1.538400000000000034e+01 1.538400000000000097e-03
1.539000000000000057e+01 1.539000000000000220e-03
1.539600000000000080e+01 1.539600000000000126e-03
1.540100000000000158e+01 1.540100000000000193e-03
1.540700000000000003e+01 1.540700000000000099e-03
1.541300000000000026e+01 1.541300000000000005e-03
1.541900000000000048e+01 1.541900000000000128e-03
1.542500000000000071e+01 1.542500000000000251e-03
1.543000000000000149e+01 1.543000000000000317e-03
1.543599999999999994e+01 1.543600000000000007e-03
1.544200000000000017e+01 1.544200000000000130e-03
1.544800000000000040e+01 1.544800000000000036e-03
1.545400000000000063e+01 1.545400000000000159e-03
1.545900000000000141e+01 1.545900000000000225e-03
1.546499999999999986e+01 1.546500000000000132e-03
1.547100000000000009e+01 1.547100000000000038e-03
1.547700000000000031e+01 1.547700000000000161e-03
1.548300000000000054e+01 1.548300000000000067e-03
1.548800000000000132e+01 1.548800000000000133e-03
1.549400000000000155e+01 1.549400000000000256e-03
1.550000000000000000e+01 1.550000000000000162e-03
1.550600000000000023e+01 1.550600000000000069e-03
1.551200000000000045e+01 1.551200000000000192e-03
1.551700000000000124e+01 1.551700000000000258e-03
1.552300000000000146e+01 1.552300000000000164e-03
1.552899999999999991e+01 1.552900000000000070e-03
1.553500000000000014e+01 1.553500000000000193e-03
1.554100000000000037e+01 1.554100000000000099e-03
1.554600000000000115e+01 1.554600000000000166e-03
1.555200000000000138e+01 1.555200000000000289e-03
1.555800000000000161e+01 1.555800000000000195e-03
1.556400000000000006e+01 1.556400000000000101e-03
1.557000000000000028e+01 1.557000000000000007e-03
1.557500000000000107e+01 1.557500000000000074e-03
1.558100000000000129e+01 1.558100000000000197e-03
1.558700000000000152e+01 1.558700000000000320e-03
1.559299999999999997e+01 1.559300000000000009e-03
1.559900000000000020e+01 1.559900000000000132e-03
1.560400000000000098e+01 3.120800000000000397e-03
1.561000000000000121e+01 3.122000000000000209e-03
1.561600000000000144e+01 3.123200000000000455e-03
1.562199999999999989e+01 3.124400000000000267e-03
1.562800000000000011e+01 3.125600000000000080e-03
1.563300000000000090e+01 3.126600000000000212e-03
1.563900000000000112e+01 3.127800000000000458e-03
1.564500000000000135e+01 4.693499999999999756e-03
1.565100000000000158e+01 4.695300000000000341e-03
1.565700000000000003e+01 4.697099999999999193e-03
1.566200000000000081e+01 4.698599999999999825e-03
1.566800000000000104e+01 4.700399999999999544e-03
1.567400000000000126e+01 6.269600000000001040e-03
1.568000000000000149e+01 6.272000000000000665e-03
1.568599999999999994e+01 6.274400000000000290e-03
1.569100000000000072e+01 7.845500000000000043e-03
1.569700000000000095e+01 7.848500000000001309e-03
1.570300000000000118e+01 7.851500000000000840e-03
1.570900000000000141e+01 7.854500000000000370e-03
1.571500000000000163e+01 9.428999999999999881e-03
1.572000000000000064e+01 9.431999999999999412e-03
1.572600000000000087e+01 9.435599999999998849e-03
1.573200000000000109e+01 9.439200000000000021e-03
1.573800000000000132e+01 1.101660000000000139e-02
1.574400000000000155e+01 1.102080000000000073e-02
1.574900000000000055e+01 1.102430000000000077e-02
1.575500000000000078e+01 1.102850000000000011e-02
1.576100000000000101e+01 1.103270000000000119e-02
1.576700000000000124e+01 1.261360000000000085e-02
1.577300000000000146e+01 1.261840000000000184e-02
1.577800000000000047e+01 1.262240000000000063e-02
1.578400000000000070e+01 1.262720000000000162e-02
1.579000000000000092e+01 1.263200000000000087e-02
1.579600000000000115e+01 1.421640000000000056e-02
1.580200000000000138e+01 1.422180000000000145e-02
1.580700000000000038e+01 1.422630000000000075e-02
1.581300000000000061e+01 1.423169999999999991e-02
1.581900000000000084e+01 1.423710000000000080e-02
1.582500000000000107e+01 1.582500000000000226e-02
1.583100000000000129e+01 1.583100000000000132e-02
1.583600000000000030e+01 1.583599999999999938e-02
1.584200000000000053e+01 1.742620000000000280e-02
1.584800000000000075e+01 1.743280000000000177e-02
1.585400000000000098e+01 1.743940000000000073e-02
1.586000000000000121e+01 1.903200000000000031e-02
1.586500000000000021e+01 1.903799999999999937e-02
1.587100000000000044e+01 1.904519999999999824e-02
1.587700000000000067e+01 2.064010000000000150e-02
1.588300000000000090e+01 2.064790000000000028e-02
1.588900000000000112e+01 2.224459999999999979e-02
1.589400000000000013e+01 2.225159999999999985e-02
1.590000000000000036e+01 2.384999999999999967e-02
1.590600000000000058e+01 2.544960000000000278e-02
1.591200000000000081e+01 2.545920000000000127e-02
1.591800000000000104e+01 2.706060000000000063e-02
1.592300000000000004e+01 2.866140000000000007e-02
1.592900000000000027e+01 2.867219999999999838e-02
1.593500000000000050e+01 3.027650000000000133e-02
1.594100000000000072e+01 3.188200000000000062e-02
1.594700000000000095e+01 3.348870000000000319e-02
1.595199999999999996e+01 3.349919999999999981e-02
1.595800000000000018e+01 3.510760000000000269e-02
1.596400000000000041e+01 3.671719999999999845e-02
1.597000000000000064e+01 3.832800000000000096e-02
1.597600000000000087e+01 3.994000000000000328e-02
1.598100000000000165e+01 4.155060000000000003e-02
1.598700000000000010e+01 4.316489999999999910e-02
1.599300000000000033e+01 4.478039999999999798e-02
1.599900000000000055e+01 4.639709999999999668e-02
1.600499999999999901e+01 4.801499999999999518e-02
1.601000000000000156e+01 4.963100000000000150e-02
1.601600000000000179e+01 5.125120000000001064e-02
1.602200000000000202e+01 5.447480000000000377e-02
1.602800000000000225e+01 5.609800000000000897e-02
1.603400000000000247e+01 5.932580000000001186e-02
1.603900000000000148e+01 6.094820000000000793e-02
1.604500000000000171e+01 6.418000000000001481e-02
1.605100000000000193e+01 6.580910000000000926e-02
1.605700000000000216e+01 6.904510000000001202e-02
1.606300000000000239e+01 7.228350000000000053e-02
1.606800000000000139e+01 7.551960000000000617e-02
1.607400000000000162e+01 7.876260000000000205e-02
1.608000000000000185e+01 8.200800000000001144e-02
1.608600000000000207e+01 8.525580000000000658e-02
1.609200000000000230e+01 9.011520000000000641e-02
1.609700000000000131e+01 9.336260000000000392e-02
1.610300000000000153e+01 9.822830000000001838e-02
1.610900000000000176e+01 1.030976000000000115e-01
1.611500000000000199e+01 1.063590000000000091e-01
1.612100000000000222e+01 1.112349000000000115e-01
1.612600000000000122e+01 1.177198000000000133e-01
1.613200000000000145e+01 1.226032000000000094e-01
1.613800000000000168e+01 1.291040000000000243e-01
1.614400000000000190e+01 1.339952000000000087e-01
1.615000000000000213e+01 1.405050000000000188e-01
1.615500000000000114e+01 1.470105000000000162e-01
1.616100000000000136e+01 1.535295000000000132e-01
1.616700000000000159e+01 1.616700000000000081e-01
1.617300000000000182e+01 1.698165000000000369e-01
1.617900000000000205e+01 1.763511000000000106e-01
1.618400000000000105e+01 1.861160000000000037e-01
1.619000000000000128e+01 1.942800000000000082e-01
1.619600000000000151e+01 2.040696000000000176e-01
1.620200000000000173e+01 2.138664000000000120e-01
1.620800000000000196e+01 2.252912000000000248e-01
1.621300000000000097e+01 2.350885000000000336e-01
1.621900000000000119e+01 2.465288000000000201e-01
1.622500000000000142e+01 2.596000000000000529e-01
1.623100000000000165e+01 2.726808000000000010e-01
1.623700000000000188e+01 2.857712000000000585e-01
1.624200000000000088e+01 2.988528000000000295e-01
1.624800000000000111e+01 3.152112000000000247e-01
1.625400000000000134e+01 3.315816000000000319e-01
1.626000000000000156e+01 3.463380000000000347e-01
1.626600000000000179e+01 3.659850000000000048e-01
1.627100000000000080e+01 3.839955999999999925e-01
1.627700000000000102e+01 4.036696000000000173e-01
1.628300000000000125e+01 4.249863000000000390e-01
1.628900000000000148e+01 4.479475000000000540e-01
1.629500000000000171e+01 4.709255000000000524e-01
1.630000000000000071e+01 4.938900000000000512e-01
1.630600000000000094e+01 5.201613999999999960e-01
1.631200000000000117e+01 5.480831999999999926e-01
1.631800000000000139e+01 5.760254000000000207e-01
1.632400000000000162e+01 6.056204000000000587e-01
1.632900000000000063e+01 6.384639000000000841e-01
1.633500000000000085e+01 6.713685000000000347e-01
1.634100000000000108e+01 7.059312000000000920e-01
1.634700000000000131e+01 7.454232000000000635e-01
1.635300000000000153e+01 7.833087000000000799e-01
1.635800000000000054e+01 8.228073999999999666e-01
1.636400000000000077e+01 8.672920000000000629e-01
1.637000000000000099e+01 9.134460000000000912e-01
1.637600000000000122e+01 9.596336000000000865e-01
1.638200000000000145e+01 1.009131200000000117e+00
1.638700000000000045e+01 1.063516300000000081e+00
1.639300000000000068e+01 1.118002600000000069e+00
1.639900000000000091e+01 1.172528499999999863e+00
1.640500000000000114e+01 1.235296500000000242e+00
1.641100000000000136e+01 1.298110100000000156e+00
1.641600000000000037e+01 1.362528000000000183e+00
1.642200000000000060e+01 1.430356200000000078e+00
1.642800000000000082e+01 1.503162000000000109e+00
1.643400000000000105e+01 1.576020600000000105e+00
1.644000000000000128e+01 1.648932000000000064e+00
1.644500000000000028e+01 1.730014000000000163e+00
1.645100000000000051e+01 1.811255100000000118e+00
1.645700000000000074e+01 1.894200700000000070e+00
1.646300000000000097e+01 1.978852600000000184e+00
1.646900000000000119e+01 2.068506399999999967e+00
1.647400000000000020e+01 2.158094000000000179e+00
1.648000000000000043e+01 2.247872000000000092e+00
1.648600000000000065e+01 2.344309200000000093e+00
1.649200000000000088e+01 2.439166800000000190e+00
1.649800000000000111e+01 2.535742600000000291e+00
1.650300000000000011e+01 2.633878799999999742e+00
1.650900000000000034e+01 2.735541299999999953e+00
1.651500000000000057e+01 2.835625499999999910e+00
1.652100000000000080e+01 2.937433800000000428e+00
1.652700000000000102e+01 3.039315300000000164e+00
1.653200000000000003e+01 3.142733199999999893e+00
1.653800000000000026e+01 3.246409400000000112e+00
1.654400000000000048e+01 3.348505600000000193e+00
1.655000000000000071e+01 3.450674999999999937e+00
1.655600000000000094e+01 3.552917600000000231e+00
1.656099999999999994e+01 3.655012699999999892e+00
1.656700000000000017e+01 3.754082200000000036e+00
1.657300000000000040e+01 3.853222500000000217e+00
1.657900000000000063e+01 3.952433599999999991e+00
1.658500000000000085e+01 4.048398500000000233e+00
1.658999999999999986e+01 4.142522999999999733e+00
1.659600000000000009e+01 4.235299200000000042e+00
1.660200000000000031e+01 4.326481199999999916e+00
1.660800000000000054e+01 4.412745600000000046e+00
1.661400000000000077e+01 4.497409799999999791e+00
1.661899999999999977e+01 4.583520199999999711e+00
1.662500000000000000e+01 4.659987499999999727e+00
1.663100000000000023e+01 4.734845700000000157e+00
1.663700000000000045e+01 4.809756700000000329e+00
1.664300000000000068e+01 4.881391900000000561e+00
1.664799999999999969e+01 4.944455999999999740e+00
1.665399999999999991e+01 5.009523200000000287e+00
1.666000000000000014e+01 5.072969999999999757e+00
1.666600000000000037e+01 5.126461599999999841e+00
1.667200000000000060e+01 5.179990399999999440e+00
1.667699999999999960e+01 5.231574899999999140e+00
1.668299999999999983e+01 5.278501200000000004e+00
1.668900000000000006e+01 5.320453199999999327e+00
1.669500000000000028e+01 5.362433999999999479e+00
1.670100000000000051e+01 5.404443600000000458e+00
1.670599999999999952e+01 5.436132399999999976e+00
1.671199999999999974e+01 5.468166399999999427e+00
1.671799999999999997e+01 5.500221999999999944e+00
1.672400000000000020e+01 5.527282000000000473e+00
1.673000000000000043e+01 5.551013999999999449e+00
1.673499999999999943e+01 5.574428499999999786e+00
1.674099999999999966e+01 5.596516299999999333e+00
1.674699999999999989e+01 5.613594400000000206e+00
1.675300000000000011e+01 5.630683300000000280e+00
1.675900000000000034e+01 5.646107100000000045e+00
1.676399999999999935e+01 5.659526399999999846e+00
1.676999999999999957e+01 5.671613999999999933e+00
1.677599999999999980e+01 5.683708799999999783e+00
1.678200000000000003e+01 5.694132599999999655e+00
1.678800000000000026e+01 5.702883599999999831e+00
1.679299999999999926e+01 5.709620000000000140e+00
1.679899999999999949e+01 5.718379599999999563e+00
1.680499999999999972e+01 5.723783000000000065e+00
1.681099999999999994e+01 5.730869900000000072e+00
1.681700000000000017e+01 5.736278700000000619e+00
1.682199999999999918e+01 5.741348599999999358e+00
1.682799999999999940e+01 5.745079199999999275e+00
1.683399999999999963e+01 5.750494400000000006e+00
1.683999999999999986e+01 5.754228000000000343e+00
1.684600000000000009e+01 5.759647399999999529e+00
1.685099999999999909e+01 5.763042000000000442e+00
1.685699999999999932e+01 5.766779699999999842e+00
1.686299999999999955e+01 5.772204899999999306e+00
1.686899999999999977e+01 5.775945600000000013e+00
1.687500000000000000e+01 5.779687500000000533e+00
1.688000000000000256e+01 5.783088000000001117e+00
1.688599999999999923e+01 5.786832200000000093e+00
1.689199999999999946e+01 5.792266799999999272e+00
1.689799999999999969e+01 5.796014000000000443e+00
1.690399999999999991e+01 5.799762400000000540e+00
1.690900000000000247e+01 5.804859700000000622e+00
1.691499999999999915e+01 5.808610999999999081e+00
1.692099999999999937e+01 5.814055599999999657e+00
1.692699999999999960e+01 5.817809900000000312e+00
1.693299999999999983e+01 5.821565399999999890e+00
1.693800000000000239e+01 5.826672000000000295e+00
1.694399999999999906e+01 5.830430400000000013e+00
1.694999999999999929e+01 5.835884999999999323e+00
1.695599999999999952e+01 5.839646399999999460e+00
1.696199999999999974e+01 5.845105199999999890e+00
1.696700000000000230e+01 5.848524900000001026e+00
1.697300000000000253e+01 5.853987700000000238e+00
1.697899999999999920e+01 5.857754999999999157e+00
1.698499999999999943e+01 5.863221999999999490e+00
1.699099999999999966e+01 5.868691399999999447e+00
1.699600000000000222e+01 5.872118000000000393e+00
1.700200000000000244e+01 5.877591400000000910e+00
1.700799999999999912e+01 5.879665600000000047e+00
1.701399999999999935e+01 5.881739800000000074e+00
1.701999999999999957e+01 5.885515999999999970e+00
1.702500000000000213e+01 5.887245000000000950e+00
1.703100000000000236e+01 5.891022900000000284e+00
1.703700000000000259e+01 5.893098300000001011e+00
1.704299999999999926e+01 5.896877999999999176e+00
1.704899999999999949e+01 5.900658899999999818e+00
1.705400000000000205e+01 5.902389400000001451e+00
1.706000000000000227e+01 5.906172000000000644e+00
1.706600000000000250e+01 5.909955800000000536e+00
1.707199999999999918e+01 5.913740799999999354e+00
1.707799999999999940e+01 5.917526999999999759e+00
1.708300000000000196e+01 5.920967800000001446e+00
1.708900000000000219e+01 5.924756300000001197e+00
1.709500000000000242e+01 5.928546000000000760e+00
1.710099999999999909e+01 5.930626799999999754e+00
1.710699999999999932e+01 5.934418299999999924e+00
1.711200000000000188e+01 5.937864000000000253e+00
1.711800000000000210e+01 5.941657800000000655e+00
1.712400000000000233e+01 5.945452800000000870e+00
1.713000000000000256e+01 5.949249000000000898e+00
1.713599999999999923e+01 5.953046399999999849e+00
1.714100000000000179e+01 5.956497500000000223e+00
1.714700000000000202e+01 5.960297200000001183e+00
1.715300000000000225e+01 5.964098100000001068e+00
1.715900000000000247e+01 5.966184300000000995e+00
1.716499999999999915e+01 5.969986999999999711e+00
1.717000000000000171e+01 5.973443000000000502e+00
1.717600000000000193e+01 5.977248000000000339e+00
1.718200000000000216e+01 5.979335999999999984e+00
1.718800000000000239e+01 5.983142800000001316e+00
1.719399999999999906e+01 5.985231399999999979e+00
1.719900000000000162e+01 5.988691800000000676e+00
1.720500000000000185e+01 5.990781000000001022e+00
1.721100000000000207e+01 5.994591300000000622e+00
1.721700000000000230e+01 5.996681100000000875e+00
1.722300000000000253e+01 5.998770900000001127e+00
1.722800000000000153e+01 6.002235200000000326e+00
1.723400000000000176e+01 6.004325600000000485e+00
1.724000000000000199e+01 6.006416000000000643e+00
1.724600000000000222e+01 6.008506400000000802e+00
1.725200000000000244e+01 6.012322000000000166e+00
1.725700000000000145e+01 6.014064499999999924e+00
1.726300000000000168e+01 6.016155499999999989e+00
1.726900000000000190e+01 6.019973400000001362e+00
1.727500000000000213e+01 6.022065000000001334e+00
1.728100000000000236e+01 6.024156600000001305e+00
1.728600000000000136e+01 6.027628200000000547e+00
1.729200000000000159e+01 6.031449600000000189e+00
1.729800000000000182e+01 6.033542400000000860e+00
1.730400000000000205e+01 6.037365600000000221e+00
1.731000000000000227e+01 6.041190000000000282e+00
1.731500000000000128e+01 6.044666500000000831e+00
1.732100000000000151e+01 6.046761100000001221e+00
1.732700000000000173e+01 6.050588400000000533e+00
1.733300000000000196e+01 6.054416900000000545e+00
1.733900000000000219e+01 6.058246600000000370e+00
1.734400000000000119e+01 6.059993600000000313e+00
1.735000000000000142e+01 6.063825000000000465e+00
1.735600000000000165e+01 6.067657600000001317e+00
1.736200000000000188e+01 6.069755200000001238e+00
1.736800000000000210e+01 6.073589600000000921e+00
1.737300000000000111e+01 6.075338100000000630e+00
1.737900000000000134e+01 6.079174200000000639e+00
1.738500000000000156e+01 6.081273000000000373e+00
1.739100000000000179e+01 6.083371800000000995e+00
1.739700000000000202e+01 6.085470600000000729e+00
1.740200000000000102e+01 6.087219600000000064e+00
1.740800000000000125e+01 6.089318400000000686e+00
1.741400000000000148e+01 6.091417200000000420e+00
1.742000000000000171e+01 6.093516000000000155e+00
1.742600000000000193e+01 6.093872200000000738e+00
1.743100000000000094e+01 6.095620700000000447e+00
1.743700000000000117e+01 6.095975200000000704e+00
1.744300000000000139e+01 6.098072800000000626e+00
1.744900000000000162e+01 6.098425500000000277e+00
1.745500000000000185e+01 6.100522500000000292e+00
1.746000000000000085e+01 6.100524000000000058e+00
1.746600000000000108e+01 6.100873800000000458e+00
1.747200000000000131e+01 6.102969600000000661e+00
1.747800000000000153e+01 6.103317600000000454e+00
1.748400000000000176e+01 6.105412800000000750e+00
1.748900000000000077e+01 6.105409900000000611e+00
1.749500000000000099e+01 6.107504500000001002e+00
1.750100000000000122e+01 6.107848999999999862e+00
1.750700000000000145e+01 6.108192300000000685e+00
1.751300000000000168e+01 6.108534400000000808e+00
1.751800000000000068e+01 6.108526600000000251e+00
1.752400000000000091e+01 6.108866400000001029e+00
1.753000000000000114e+01 6.109205000000000219e+00
1.753600000000000136e+01 6.109542400000000484e+00
1.754200000000000159e+01 6.109878600000000937e+00
1.754700000000000060e+01 6.111620100000000555e+00
1.755300000000000082e+01 6.111954600000000681e+00
1.755900000000000105e+01 6.112287900000000995e+00
1.756500000000000128e+01 6.112619999999999720e+00
1.757100000000000151e+01 6.112950900000000409e+00
1.757600000000000051e+01 6.114690399999999748e+00
1.758200000000000074e+01 6.115019600000000111e+00
1.758800000000000097e+01 6.115347600000000661e+00
1.759400000000000119e+01 6.117433800000000588e+00
1.760000000000000142e+01 6.117760000000000531e+00
1.760500000000000043e+01 6.117737499999999606e+00
1.761100000000000065e+01 6.119822499999999721e+00
1.761700000000000088e+01 6.120145800000000413e+00
1.762300000000000111e+01 6.120467900000000405e+00
1.762900000000000134e+01 6.120788800000000585e+00
1.763400000000000034e+01 6.122524799999999878e+00
1.764000000000000057e+01 6.122844000000000619e+00
1.764600000000000080e+01 6.123161999999999772e+00
1.765200000000000102e+01 6.125244000000000355e+00
1.765800000000000125e+01 6.125560199999999789e+00
1.766300000000000026e+01 6.125528400000000318e+00
1.766900000000000048e+01 6.125842300000000407e+00
1.767500000000000071e+01 6.127922500000000383e+00
1.768100000000000094e+01 6.128234600000000754e+00
1.768700000000000117e+01 6.128545499999999535e+00
1.769200000000000017e+01 6.128508799999999646e+00
1.769800000000000040e+01 6.130587199999999903e+00
1.770400000000000063e+01 6.130895200000000322e+00
1.771000000000000085e+01 6.131202000000000041e+00
1.771600000000000108e+01 6.133279200000000486e+00
1.772100000000000009e+01 6.133238100000000692e+00
1.772700000000000031e+01 6.133541999999999383e+00
1.773300000000000054e+01 6.133844700000000039e+00
1.773900000000000077e+01 6.135920099999999877e+00
1.774500000000000099e+01 6.136220999999999925e+00
1.775000000000000000e+01 6.136174999999999713e+00
1.775600000000000023e+01 6.136473600000000417e+00
1.776200000000000045e+01 6.138547200000000537e+00
1.776800000000000068e+01 6.138843999999999745e+00
1.777400000000000091e+01 6.139139600000000030e+00
1.777899999999999991e+01 6.139088700000000287e+00
1.778500000000000014e+01 6.139382000000000339e+00
1.779100000000000037e+01 6.141453199999999946e+00
1.779700000000000060e+01 6.141744700000000279e+00
1.780300000000000082e+01 6.142034999999999911e+00
1.780799999999999983e+01 6.141979199999999750e+00
1.781400000000000006e+01 6.142267200000000038e+00
1.782000000000000028e+01 6.142554000000000514e+00
1.782600000000000051e+01 6.142839600000000289e+00
1.783200000000000074e+01 6.143123999999999363e+00
1.783699999999999974e+01 6.143062800000000045e+00
1.784299999999999997e+01 6.143344899999999775e+00
1.784900000000000020e+01 6.143625800000000581e+00
1.785500000000000043e+01 6.143905500000000686e+00
1.786100000000000065e+01 6.144184000000000090e+00
1.786599999999999966e+01 6.144117399999999840e+00
1.787199999999999989e+01 6.144393599999999900e+00
1.787800000000000011e+01 6.144668600000000147e+00
1.788400000000000034e+01 6.143154000000000892e+00
1.789000000000000057e+01 6.143425999999999831e+00
1.789499999999999957e+01 6.143353499999999912e+00
1.790099999999999980e+01 6.143623200000000395e+00
1.790700000000000003e+01 6.143891700000000178e+00
1.791300000000000026e+01 6.144159000000000148e+00
1.791900000000000048e+01 6.142633199999999682e+00
1.792399999999999949e+01 6.142554800000000093e+00
1.792999999999999972e+01 6.142818000000000112e+00
1.793599999999999994e+01 6.143080000000000318e+00
1.794200000000000017e+01 6.141546599999999856e+00
1.794800000000000040e+01 6.141805600000000531e+00
1.795299999999999940e+01 6.141721300000000383e+00
1.795899999999999963e+01 6.141977999999999938e+00
1.796499999999999986e+01 6.140436999999999479e+00
1.797100000000000009e+01 6.140690700000000390e+00
1.797700000000000031e+01 6.140943200000000601e+00
1.798199999999999932e+01 6.140852999999999895e+00
1.798799999999999955e+01 6.139304399999999440e+00
1.799399999999999977e+01 6.139552799999999699e+00
1.800000000000000000e+01 6.139800000000000146e+00
1.800600000000000023e+01 6.141846600000000045e+00
1.801099999999999923e+01 6.143552099999999960e+00
1.801699999999999946e+01 6.145598699999999859e+00
1.802299999999999969e+01 6.147645299999999757e+00
1.802899999999999991e+01 6.149691900000000544e+00
1.803500000000000014e+01 6.151738500000000442e+00
1.803999999999999915e+01 6.153444000000000358e+00
1.804599999999999937e+01 6.155490600000000256e+00
1.805199999999999960e+01 6.157537200000000155e+00
1.805799999999999983e+01 6.159583800000000053e+00
1.806400000000000006e+01 6.161630399999999952e+00
1.806900000000000261e+01 6.163335900000000755e+00
1.807499999999999929e+01 6.167189999999999728e+00
1.808099999999999952e+01 6.169237199999999532e+00
1.808699999999999974e+01 6.171284400000000225e+00
1.809299999999999997e+01 6.173331600000000030e+00
1.809800000000000253e+01 6.175037600000001348e+00
1.810399999999999920e+01 6.177084799999999376e+00
1.810999999999999943e+01 6.180943000000000076e+00
1.811599999999999966e+01 6.182990799999999787e+00
1.812199999999999989e+01 6.185038599999999498e+00
1.812700000000000244e+01 6.186745100000000441e+00
1.813299999999999912e+01 6.190606199999999504e+00
1.813899999999999935e+01 6.192654599999999121e+00
1.814499999999999957e+01 6.194702999999999626e+00
1.815099999999999980e+01 6.198566500000000090e+00
1.815600000000000236e+01 6.200274000000001173e+00
1.816200000000000259e+01 6.202323000000001585e+00
1.816799999999999926e+01 6.206188799999999617e+00
1.817399999999999949e+01 6.208238399999999935e+00
1.817999999999999972e+01 6.210288000000000252e+00
1.818500000000000227e+01 6.213814500000000685e+00
1.819100000000000250e+01 6.215864700000000909e+00
1.819699999999999918e+01 6.217914899999999356e+00
1.820299999999999940e+01 6.219965099999999580e+00
1.820899999999999963e+01 6.223836200000000041e+00
1.821400000000000219e+01 6.225545200000000889e+00
1.822000000000000242e+01 6.227596000000001020e+00
1.822600000000000264e+01 6.229646800000001150e+00
1.823199999999999932e+01 6.233520799999999085e+00
1.823799999999999955e+01 6.235572199999999121e+00
1.824300000000000210e+01 6.237281700000000484e+00
1.824900000000000233e+01 6.241158000000001316e+00
1.825500000000000256e+01 6.243210000000001259e+00
1.826099999999999923e+01 6.245262000000000313e+00
1.826699999999999946e+01 6.249140699999999882e+00
1.827200000000000202e+01 6.250851200000001384e+00
1.827800000000000225e+01 6.252903800000001233e+00
1.828400000000000247e+01 6.256784800000001034e+00
1.828999999999999915e+01 6.258837999999999901e+00
1.829599999999999937e+01 6.262720799999999421e+00
1.830100000000000193e+01 6.264432300000000176e+00
1.830700000000000216e+01 6.268316800000000022e+00
1.831300000000000239e+01 6.270371200000000478e+00
1.831900000000000261e+01 6.274257500000001819e+00
1.832499999999999929e+01 6.278145000000000309e+00
1.833000000000000185e+01 6.279858000000000828e+00
1.833600000000000207e+01 6.283747200000000532e+00
1.834200000000000230e+01 6.287637600000000937e+00
1.834800000000000253e+01 6.289694400000001018e+00
1.835399999999999920e+01 6.293586599999999365e+00
1.835900000000000176e+01 6.297137000000001095e+00
1.836500000000000199e+01 6.301031500000000563e+00
1.837100000000000222e+01 6.303090100000001250e+00
1.837700000000000244e+01 6.306986400000001325e+00
1.838299999999999912e+01 6.310883899999999436e+00
1.838800000000000168e+01 6.314439200000000696e+00
1.839400000000000190e+01 6.316499600000000214e+00
1.840000000000000213e+01 6.320400000000001128e+00
1.840600000000000236e+01 6.324301600000000967e+00
1.841200000000000259e+01 6.328204400000000618e+00
1.841700000000000159e+01 6.329922900000000574e+00
1.842300000000000182e+01 6.333827400000000551e+00
1.842900000000000205e+01 6.337733100000000341e+00
1.843500000000000227e+01 6.341639999999999944e+00
1.844100000000000250e+01 6.343704000000000676e+00
1.844600000000000151e+01 6.347268600000000482e+00
1.845200000000000173e+01 6.349333200000001121e+00
1.845800000000000196e+01 6.353243600000000768e+00
1.846400000000000219e+01 6.355308800000000424e+00
1.847000000000000242e+01 6.359221000000000679e+00
1.847500000000000142e+01 6.360942500000000166e+00
1.848100000000000165e+01 6.363008300000000617e+00
1.848700000000000188e+01 6.365074100000000179e+00
1.849300000000000210e+01 6.368989200000000572e+00
1.849900000000000233e+01 6.371055600000000929e+00
1.850400000000000134e+01 6.369076800000000205e+00
1.851000000000000156e+01 6.365588999999999942e+00
1.851600000000000179e+01 6.362097600000001130e+00
1.852200000000000202e+01 6.358602600000000216e+00
1.852800000000000225e+01 6.355104000000001641e+00
1.853300000000000125e+01 6.351259100000000934e+00
1.853900000000000148e+01 6.347753599999999885e+00
1.854500000000000171e+01 6.344244500000001175e+00
1.855100000000000193e+01 6.340731800000000362e+00
1.855700000000000216e+01 6.337215500000001001e+00
1.856200000000000117e+01 6.331498200000000409e+00
1.856800000000000139e+01 6.327974400000000443e+00
1.857400000000000162e+01 6.322589600000000587e+00
1.858000000000000185e+01 6.319058000000000952e+00
1.858600000000000207e+01 6.313664200000000726e+00
1.859100000000000108e+01 6.309785399999999989e+00
1.859700000000000131e+01 6.304383000000000514e+00
1.860300000000000153e+01 6.300836100000000606e+00
1.860900000000000176e+01 6.295424700000000762e+00
1.861500000000000199e+01 6.291870000000001184e+00
1.862000000000000099e+01 6.286112000000000144e+00
1.862600000000000122e+01 6.280687200000000026e+00
1.863200000000000145e+01 6.277120800000000500e+00
1.863800000000000168e+01 6.271687000000000900e+00
1.864400000000000190e+01 6.266248400000001162e+00
1.864900000000000091e+01 6.262334199999999740e+00
1.865500000000000114e+01 6.256886999999999865e+00
1.866100000000000136e+01 6.251435000000000741e+00
1.866700000000000159e+01 6.245978200000000591e+00
1.867300000000000182e+01 6.240516600000000302e+00
1.867800000000000082e+01 6.236584200000000244e+00
1.868400000000000105e+01 6.231114000000000708e+00
1.869000000000000128e+01 6.225639000000000145e+00
1.869600000000000151e+01 6.220159200000000332e+00
1.870200000000000173e+01 6.214674600000000382e+00
1.870700000000000074e+01 6.208853299999999464e+00
1.871300000000000097e+01 6.203359500000000359e+00
1.871900000000000119e+01 6.197860900000000228e+00
1.872500000000000142e+01 6.194230000000000125e+00
1.873100000000000165e+01 6.188722400000001400e+00
1.873600000000000065e+01 6.182880000000000820e+00
1.874200000000000088e+01 6.177363200000000276e+00
1.874800000000000111e+01 6.171841600000000483e+00
1.875400000000000134e+01 6.166315199999999663e+00
1.876000000000000156e+01 6.160784000000001370e+00
1.876500000000000057e+01 6.154920000000000613e+00
1.877100000000000080e+01 6.151256700000000244e+00
1.877700000000000102e+01 6.145712099999999900e+00
1.878300000000000125e+01 6.140162700000001195e+00
1.878900000000000148e+01 6.134608500000000575e+00
1.879400000000000048e+01 6.128723400000000154e+00
1.880000000000000071e+01 6.123160000000000380e+00
1.880600000000000094e+01 6.117591799999999580e+00
1.881200000000000117e+01 6.113900000000001000e+00
1.881800000000000139e+01 6.108322800000000719e+00
1.882300000000000040e+01 6.102416599999999747e+00
1.882900000000000063e+01 6.096830199999999422e+00
1.883500000000000085e+01 6.091239000000000736e+00
1.884100000000000108e+01 6.087527099999999969e+00
1.884700000000000131e+01 6.081926900000000025e+00
1.885200000000000031e+01 6.075999599999999390e+00
1.885800000000000054e+01 6.070390200000000291e+00
1.886400000000000077e+01 6.066662400000000233e+00
1.887000000000000099e+01 6.061043999999999876e+00
1.887600000000000122e+01 6.057308400000001036e+00
1.888100000000000023e+01 6.051360500000000364e+00
1.888700000000000045e+01 6.047617400000000032e+00
1.889300000000000068e+01 6.043870700000000262e+00
1.889900000000000091e+01 6.040120400000000167e+00
1.890500000000000114e+01 6.036366499999999746e+00
1.891000000000000014e+01 6.032290000000000596e+00
1.891600000000000037e+01 6.028529199999999477e+00
1.892200000000000060e+01 6.024764800000000697e+00
1.892800000000000082e+01 6.022889600000000065e+00
1.893400000000000105e+01 6.019118600000000541e+00
1.893900000000000006e+01 6.016920299999999777e+00
1.894500000000000028e+01 6.015037500000000037e+00
1.895100000000000051e+01 6.013152300000000672e+00
1.895700000000000074e+01 6.009369000000000405e+00
1.896300000000000097e+01 6.009374700000000402e+00
1.896799999999999997e+01 6.007165599999999550e+00
1.897400000000000020e+01 6.005271000000000470e+00
1.898000000000000043e+01 6.003374000000000876e+00
1.898600000000000065e+01 6.003373199999999521e+00
1.899200000000000088e+01 6.003371200000000130e+00
1.899699999999999989e+01 6.001152300000000217e+00
1.900300000000000011e+01 6.003047700000000653e+00
1.900900000000000034e+01 6.004943100000000200e+00
1.901500000000000057e+01 6.008740000000000414e+00
1.902100000000000080e+01 6.010635999999999868e+00
1.902599999999999980e+01 6.012215999999999561e+00
1.903200000000000003e+01 6.016015200000000007e+00
1.903800000000000026e+01 6.017911800000000255e+00
1.904400000000000048e+01 6.019808399999999615e+00
1.905000000000000071e+01 6.021704999999999863e+00
1.905499999999999972e+01 6.023285500000000070e+00
1.906099999999999994e+01 6.025182099999999430e+00
1.906700000000000017e+01 6.027078699999999678e+00
1.907300000000000040e+01 6.028975299999999926e+00
1.907900000000000063e+01 6.030871900000000174e+00
1.908399999999999963e+01 6.030543999999999905e+00
1.908999999999999986e+01 6.030530999999999864e+00
1.909600000000000009e+01 6.030516800000000899e+00
1.910200000000000031e+01 6.030501399999999457e+00
1.910800000000000054e+01 6.028573999999999877e+00
1.911299999999999955e+01 6.028240199999999938e+00
1.911899999999999977e+01 6.026308799999999799e+00
1.912500000000000000e+01 6.024375000000000036e+00
1.913100000000000023e+01 6.022438800000000647e+00
1.913700000000000045e+01 6.018586500000000505e+00
1.914199999999999946e+01 6.014416399999999108e+00
1.914799999999999969e+01 6.010557200000000044e+00
1.915399999999999991e+01 6.004779000000000089e+00
1.916000000000000014e+01 6.000911999999999580e+00
1.916600000000000037e+01 5.993208199999999763e+00
1.917099999999999937e+01 5.985186199999999346e+00
1.917699999999999960e+01 5.979388600000000054e+00
1.918299999999999983e+01 5.969749599999999212e+00
1.918900000000000006e+01 5.960103399999999496e+00
1.919500000000000028e+01 5.948530500000000387e+00
1.919999999999999929e+01 5.938559999999999839e+00
1.920599999999999952e+01 5.925050999999999846e+00
1.921199999999999974e+01 5.911532399999999576e+00
1.921799999999999997e+01 5.898004199999999919e+00
1.922400000000000020e+01 5.882544000000000217e+00
1.922899999999999920e+01 5.862922099999999581e+00
1.923499999999999943e+01 5.845516499999999560e+00
1.924099999999999966e+01 5.828098899999999638e+00
1.924699999999999989e+01 5.804895199999999811e+00
1.925300000000000011e+01 5.783601199999999665e+00
1.925800000000000267e+01 5.760067800000000737e+00
1.926399999999999935e+01 5.734892799999999902e+00
1.926999999999999957e+01 5.707774000000000569e+00
1.927599999999999980e+01 5.678709599999999469e+00
1.928200000000000003e+01 5.649625999999999593e+00
1.928700000000000259e+01 5.616374400000000655e+00
1.929299999999999926e+01 5.583394199999999863e+00
1.929899999999999949e+01 5.550392400000000670e+00
1.930499999999999972e+01 5.513508000000000742e+00
1.931099999999999994e+01 5.474668499999999050e+00
1.931600000000000250e+01 5.435522399999999976e+00
1.932199999999999918e+01 5.394702399999999898e+00
1.932799999999999940e+01 5.349990399999999369e+00
1.933399999999999963e+01 5.305249599999999788e+00
1.933999999999999986e+01 5.260480000000000267e+00
1.934500000000000242e+01 5.211542999999999815e+00
1.935100000000000264e+01 5.160911700000000657e+00
1.935699999999999932e+01 5.110248000000000346e+00
1.936299999999999955e+01 5.057615599999999212e+00
1.936899999999999977e+01 5.001075799999999738e+00
1.937400000000000233e+01 4.944244799999999884e+00
1.938000000000000256e+01 4.889574000000001419e+00
1.938599999999999923e+01 4.827113999999999905e+00
1.939199999999999946e+01 4.766553599999999946e+00
1.939799999999999969e+01 4.705954799999999771e+00
1.940300000000000225e+01 4.641197600000000811e+00
1.940900000000000247e+01 4.574701300000000082e+00
1.941500000000000270e+01 4.508163000000000586e+00
1.942099999999999937e+01 4.439640599999999715e+00
1.942699999999999960e+01 4.369132299999999525e+00
1.943200000000000216e+01 4.298358400000000579e+00
1.943800000000000239e+01 4.229708800000000046e+00
1.944400000000000261e+01 4.155182800000000398e+00
1.944999999999999929e+01 4.082555000000000156e+00
1.945599999999999952e+01 4.007935999999999943e+00
1.946100000000000207e+01 3.933068100000000289e+00
1.946700000000000230e+01 3.856412700000000360e+00
1.947300000000000253e+01 3.781656600000000701e+00
1.947899999999999920e+01 3.706853699999999918e+00
1.948499999999999943e+01 3.630055499999999657e+00
1.949000000000000199e+01 3.553027000000000157e+00
1.949600000000000222e+01 3.476136799999999916e+00
1.950200000000000244e+01 3.399198600000000514e+00
1.950800000000000267e+01 3.326114000000000903e+00
1.951399999999999935e+01 3.251032399999999711e+00
1.951900000000000190e+01 3.177693200000000218e+00
1.952500000000000213e+01 3.104475000000000318e+00
1.953100000000000236e+01 3.031211200000000439e+00
1.953700000000000259e+01 2.957901800000000581e+00
1.954299999999999926e+01 2.884546799999999855e+00
1.954800000000000182e+01 2.814912000000000081e+00
1.955400000000000205e+01 2.743426200000000481e+00
1.956000000000000227e+01 2.673852000000000118e+00
1.956600000000000250e+01 2.604234600000000288e+00
1.957199999999999918e+01 2.536531199999999764e+00
1.957700000000000173e+01 2.468659699999999901e+00
1.958300000000000196e+01 2.402834100000000195e+00
1.958900000000000219e+01 2.336967700000000203e+00
1.959500000000000242e+01 2.273020000000000262e+00
1.960100000000000264e+01 2.209032700000000293e+00
1.960600000000000165e+01 2.146857000000000237e+00
1.961200000000000188e+01 2.086716800000000038e+00
1.961800000000000210e+01 2.024577600000000199e+00
1.962400000000000233e+01 1.966324800000000206e+00
1.963000000000000256e+01 1.909999000000000224e+00
1.963500000000000156e+01 1.853544000000000080e+00
1.964100000000000179e+01 1.797151500000000235e+00
1.964700000000000202e+01 1.744653600000000360e+00
1.965300000000000225e+01 1.692123300000000219e+00
1.965900000000000247e+01 1.639560600000000257e+00
1.966400000000000148e+01 1.590817600000000054e+00
1.967000000000000171e+01 1.542128000000000165e+00
1.967600000000000193e+01 1.495376000000000039e+00
1.968200000000000216e+01 1.448595200000000194e+00
1.968800000000000239e+01 1.405723200000000173e+00
1.969300000000000139e+01 1.362755600000000067e+00
1.969900000000000162e+01 1.317863100000000065e+00
1.970500000000000185e+01 1.278854500000000005e+00
1.971100000000000207e+01 1.239821900000000143e+00
1.971700000000000230e+01 1.202737000000000167e+00
1.972200000000000131e+01 1.165570200000000112e+00
1.972800000000000153e+01 1.130414400000000041e+00
1.973400000000000176e+01 1.095237000000000016e+00
1.974000000000000199e+01 1.060038000000000036e+00
1.974600000000000222e+01 1.028766600000000198e+00
1.975100000000000122e+01 9.974255000000000759e-01
1.975700000000000145e+01 9.661173000000000677e-01
1.976300000000000168e+01 9.367661999999999933e-01
1.976900000000000190e+01 9.073971000000001785e-01
1.977500000000000213e+01 8.799875000000000336e-01
1.978000000000000114e+01 8.505399999999999627e-01
1.978600000000000136e+01 8.250762000000000373e-01
1.979200000000000159e+01 7.995967999999999964e-01
1.979800000000000182e+01 7.741018000000001731e-01
1.980400000000000205e+01 7.485912000000001232e-01
1.980900000000000105e+01 7.250094000000000261e-01
1.981500000000000128e+01 7.014510000000000467e-01
1.982100000000000151e+01 6.798602999999999730e-01
1.982700000000000173e+01 6.582564000000000748e-01
1.983300000000000196e+01 6.366393000000000191e-01
1.983800000000000097e+01 6.149780000000000246e-01
1.984400000000000119e+01 5.953199999999999603e-01
1.985000000000000142e+01 5.756500000000001060e-01
1.985600000000000165e+01 5.579536000000000495e-01
1.986200000000000188e+01 5.382602000000000775e-01
1.986700000000000088e+01 5.225021000000000804e-01
1.987300000000000111e+01 5.047742000000000617e-01
1.987900000000000134e+01 4.870355000000000656e-01
1.988500000000000156e+01 4.732630000000000448e-01
1.989100000000000179e+01 4.574930000000000385e-01
1.989600000000000080e+01 4.436808000000000418e-01
1.990200000000000102e+01 4.298832000000000209e-01
1.990800000000000125e+01 4.180680000000000507e-01
1.991400000000000148e+01 4.062456000000000400e-01
1.992000000000000171e+01 3.924239999999999950e-01
1.992500000000000071e+01 3.825599999999999556e-01
1.993100000000000094e+01 3.727097000000000326e-01
1.993700000000000117e+01 3.608597000000000610e-01
1.994300000000000139e+01 3.529911000000000576e-01
1.994900000000000162e+01 3.431228000000000056e-01
1.995400000000000063e+01 3.352272000000000030e-01
1.996000000000000085e+01 3.253479999999999706e-01
1.996600000000000108e+01 3.194560000000000177e-01
1.997200000000000131e+01 3.115631999999999846e-01
1.997800000000000153e+01 3.036656000000000355e-01
1.998300000000000054e+01 2.977467000000000308e-01
1.998900000000000077e+01 2.898405000000000009e-01
1.999500000000000099e+01 2.839290000000000425e-01
2.000100000000000122e+01 2.780138999999999805e-01
2.000700000000000145e+01 2.720951999999999815e-01
2.001200000000000045e+01 2.661595999999999962e-01
2.001800000000000068e+01 2.602340000000000209e-01
2.002400000000000091e+01 2.543047999999999975e-01
2.003000000000000114e+01 2.483720000000000094e-01
2.003600000000000136e+01 2.424356000000000011e-01
2.004100000000000037e+01 2.364837999999999940e-01
2.004700000000000060e+01 2.305405000000000093e-01
2.005300000000000082e+01 2.265988999999999920e-01
2.005900000000000105e+01 2.206490000000000118e-01
2.006500000000000128e+01 2.146955000000000113e-01
2.007000000000000028e+01 2.087279999999999969e-01
2.007600000000000051e+01 2.047752000000000183e-01
2.008200000000000074e+01 1.988118000000000107e-01
2.008800000000000097e+01 1.928447999999999829e-01
2.009400000000000119e+01 1.888836000000000126e-01
2.009900000000000020e+01 1.829009000000000051e-01
2.010500000000000043e+01 1.789344999999999963e-01
2.011100000000000065e+01 1.729546000000000139e-01
2.011700000000000088e+01 1.669711000000000112e-01
2.012300000000000111e+01 1.629963000000000106e-01
2.012800000000000011e+01 1.590112000000000192e-01
2.013400000000000034e+01 1.530183999999999989e-01
2.014000000000000057e+01 1.490360000000000018e-01
2.014600000000000080e+01 1.450511999999999913e-01
2.015200000000000102e+01 1.390488000000000002e-01
2.015700000000000003e+01 1.350519000000000025e-01
2.016300000000000026e+01 1.310594999999999954e-01
2.016900000000000048e+01 1.270647000000000026e-01
2.017500000000000071e+01 1.230675000000000102e-01
2.018100000000000094e+01 1.210860000000000131e-01
2.018599999999999994e+01 1.170787999999999968e-01
2.019200000000000017e+01 1.130752000000000007e-01
2.019800000000000040e+01 1.090692000000000050e-01
2.020400000000000063e+01 1.070812000000000014e-01
2.021000000000000085e+01 1.030710000000000098e-01
2.021499999999999986e+01 1.010749999999999982e-01
2.022100000000000009e+01 9.706079999999998875e-02
2.022700000000000031e+01 9.506690000000000973e-02
2.023300000000000054e+01 9.307179999999999620e-02
2.023900000000000077e+01 8.905160000000000853e-02
2.024399999999999977e+01 8.704919999999999325e-02
2.025000000000000000e+01 8.505000000000000060e-02
2.025600000000000023e+01 8.304960000000000120e-02
2.026200000000000045e+01 7.902180000000000315e-02
2.026800000000000068e+01 7.701840000000000075e-02
2.027299999999999969e+01 7.501009999999999622e-02
2.027899999999999991e+01 7.300439999999999707e-02
2.028500000000000014e+01 7.099750000000000505e-02
2.029100000000000037e+01 6.696030000000000038e-02
2.029700000000000060e+01 6.495040000000000535e-02
2.030199999999999960e+01 6.293619999999999770e-02
2.030799999999999983e+01 6.092399999999999899e-02
2.031400000000000006e+01 5.891059999999999353e-02
2.032000000000000028e+01 5.689600000000000213e-02
2.032600000000000051e+01 5.488020000000000398e-02
2.033099999999999952e+01 5.286059999999999370e-02
2.033699999999999974e+01 5.084249999999999881e-02
2.034299999999999997e+01 4.882319999999999716e-02
2.034900000000000020e+01 4.680270000000000263e-02
2.035500000000000043e+01 4.681649999999999701e-02
2.035999999999999943e+01 4.479199999999999848e-02
2.036599999999999966e+01 4.276859999999999690e-02
2.037199999999999989e+01 4.074400000000000244e-02
2.037800000000000011e+01 3.871820000000000123e-02
2.038400000000000034e+01 3.872960000000000291e-02
2.038899999999999935e+01 3.670019999999999533e-02
2.039499999999999957e+01 3.467149999999999399e-02
2.040099999999999980e+01 3.468169999999999586e-02
2.040700000000000003e+01 3.265119999999999828e-02
2.041300000000000026e+01 3.266080000000000372e-02
2.041799999999999926e+01 3.062699999999999798e-02
2.042399999999999949e+01 3.063600000000000004e-02
2.042999999999999972e+01 2.860199999999999895e-02
2.043599999999999994e+01 2.861040000000000111e-02
2.044200000000000017e+01 2.861879999999999979e-02
2.044700000000000273e+01 2.862580000000000333e-02
2.045299999999999940e+01 2.658889999999999865e-02
2.045899999999999963e+01 2.659669999999999743e-02
2.046499999999999986e+01 2.660449999999999968e-02
2.047100000000000009e+01 2.661229999999999846e-02
2.047600000000000264e+01 2.661880000000000149e-02
2.048199999999999932e+01 2.457839999999999678e-02
2.048799999999999955e+01 2.458559999999999565e-02
2.049399999999999977e+01 2.459279999999999800e-02
2.050000000000000000e+01 2.459999999999999687e-02
2.050500000000000256e+01 2.460599999999999940e-02
2.051099999999999923e+01 2.461319999999999827e-02
2.051699999999999946e+01 2.462039999999999715e-02
2.052299999999999969e+01 2.462759999999999602e-02
2.052899999999999991e+01 2.463479999999999837e-02
2.053400000000000247e+01 2.464080000000000090e-02
2.054000000000000270e+01 2.464799999999999977e-02
2.054599999999999937e+01 2.465519999999999864e-02
2.055199999999999960e+01 2.466239999999999752e-02
2.055799999999999983e+01 2.466959999999999639e-02
2.056300000000000239e+01 2.467560000000000239e-02
2.056900000000000261e+01 2.468280000000000127e-02
2.057499999999999929e+01 2.468999999999999667e-02
2.058099999999999952e+01 2.469719999999999555e-02
2.058699999999999974e+01 2.264570000000000125e-02
2.059200000000000230e+01 2.265120000000000328e-02
2.059800000000000253e+01 2.265780000000000571e-02
2.060400000000000276e+01 2.266440000000000468e-02
2.060999999999999943e+01 2.267100000000000018e-02
2.061599999999999966e+01 2.267760000000000262e-02
2.062100000000000222e+01 2.062100000000000391e-02
2.062700000000000244e+01 2.062700000000000297e-02
2.063300000000000267e+01 2.063300000000000203e-02
2.063899999999999935e+01 2.063900000000000109e-02
2.064499999999999957e+01 1.858049999999999979e-02
2.065000000000000213e+01 1.858500000000000082e-02
2.065600000000000236e+01 1.859039999999999998e-02
2.066200000000000259e+01 1.652960000000000193e-02
2.066799999999999926e+01 1.653440000000000118e-02
2.067399999999999949e+01 1.653920000000000043e-02
2.067900000000000205e+01 1.447530000000000171e-02
2.068500000000000227e+01 1.447950000000000105e-02
2.069100000000000250e+01 1.448370000000000213e-02
2.069700000000000273e+01 1.241820000000000077e-02
2.070299999999999940e+01 1.242179999999999847e-02
2.070800000000000196e+01 1.242479999999999973e-02
2.071400000000000219e+01 1.035700000000000162e-02
2.072000000000000242e+01 1.036000000000000115e-02
2.072600000000000264e+01 1.036300000000000068e-02
2.073199999999999932e+01 8.292799999999999477e-03
2.073700000000000188e+01 8.294800000000001478e-03
2.074300000000000210e+01 8.297200000000001102e-03
2.074900000000000233e+01 8.299600000000000727e-03
2.075500000000000256e+01 6.226500000000000264e-03
2.076099999999999923e+01 6.228299999999999115e-03
2.076600000000000179e+01 6.229799999999999748e-03
2.077200000000000202e+01 6.231600000000000333e-03
2.077800000000000225e+01 4.155600000000000613e-03
2.078400000000000247e+01 4.156800000000000425e-03
2.079000000000000270e+01 4.158000000000001105e-03
2.079500000000000171e+01 4.159000000000000370e-03
2.080100000000000193e+01 4.160200000000000183e-03
2.080700000000000216e+01 2.080700000000000431e-03
2.081300000000000239e+01 2.081300000000000337e-03
2.081900000000000261e+01 2.081900000000000243e-03
2.082400000000000162e+01 2.082400000000000310e-03
2.083000000000000185e+01 2.083000000000000216e-03
2.083600000000000207e+01 2.083600000000000122e-03
2.084200000000000230e+01 2.084200000000000462e-03
2.084800000000000253e+01 2.084800000000000368e-03
2.085300000000000153e+01 2.085300000000000435e-03
2.085900000000000176e+01 2.085900000000000341e-03
2.086500000000000199e+01 2.086500000000000247e-03
2.087100000000000222e+01 2.087100000000000153e-03
2.087700000000000244e+01 2.087700000000000493e-03
2.088200000000000145e+01 2.088200000000000126e-03
2.088800000000000168e+01 2.088800000000000465e-03
2.089400000000000190e+01 2.089400000000000372e-03
2.090000000000000213e+01 2.090000000000000278e-03
2.090600000000000236e+01 2.090600000000000184e-03
2.091100000000000136e+01 2.091100000000000250e-03
2.091700000000000159e+01 2.091700000000000156e-03
2.092300000000000182e+01 2.092300000000000496e-03
2.092900000000000205e+01 2.092900000000000402e-03
2.093500000000000227e+01 2.093500000000000309e-03
2.094000000000000128e+01 2.094000000000000375e-03
2.094600000000000151e+01 2.094600000000000281e-03
2.095200000000000173e+01 2.095200000000000187e-03
2.095800000000000196e+01 2.095800000000000093e-03
2.096400000000000219e+01 2.096400000000000433e-03
2.096900000000000119e+01 2.096900000000000066e-03
2.097500000000000142e+01 2.097500000000000406e-03
2.098100000000000165e+01 2.098100000000000312e-03
2.098700000000000188e+01 2.098700000000000218e-03
2.099300000000000210e+01 2.099300000000000124e-03
2.099800000000000111e+01 2.099800000000000191e-03
2.100400000000000134e+01 2.100400000000000097e-03
2.101000000000000156e+01 2.101000000000000437e-03
2.101600000000000179e+01 2.101600000000000343e-03
2.102200000000000202e+01 2.102200000000000249e-03
2.102700000000000102e+01 2.102700000000000315e-03
