2.992980000000000196e+00 3.009501249599999995e-04
2.994330000000000158e+00 3.237619312500000118e-04
2.995680000000000121e+00 3.463545302400000171e-04
2.997030000000000083e+00 3.693719593800000420e-04
2.998380000000000045e+00 3.956332426199999893e-04
2.999730000000000008e+00 4.236338695199999755e-04
3.001090000000000479e+00 4.541879616900000886e-04
3.002440000000000442e+00 4.866985264400000804e-04
3.003790000000000404e+00 5.197457837000000287e-04
3.005140000000000366e+00 5.543551706600001027e-04
3.006490000000000329e+00 5.930692368700000647e-04
3.007840000000000291e+00 6.355475684800000313e-04
3.009190000000000254e+00 6.796676901600000147e-04
3.010540000000000216e+00 7.259736577599999871e-04
3.011890000000000178e+00 7.757062457200001497e-04
3.013250000000000206e+00 8.289330220000000341e-04
3.014600000000000168e+00 8.860572612000000960e-04
3.015950000000000131e+00 9.483051584999999985e-04
3.017300000000000093e+00 1.012611914599999968e-03
3.018650000000000055e+00 1.080839707099999969e-03
3.020000000000000018e+00 1.153186999999999962e-03
3.021349999999999980e+00 1.230348104299999875e-03
3.022699999999999942e+00 1.311410485800000103e-03
3.024059999999999970e+00 1.398013865820000147e-03
3.025409999999999933e+00 1.490689091429999976e-03
3.026759999999999895e+00 1.587547727039999735e-03
3.028109999999999857e+00 1.691771747789999961e-03
3.029459999999999820e+00 1.805418804839999808e-03
3.030809999999999782e+00 1.927570913520000075e-03
3.032160000000000188e+00 2.058460652160000286e-03
3.033510000000000151e+00 2.199561698880000363e-03
3.034870000000000179e+00 2.350430943249999950e-03
3.036220000000000141e+00 2.512371854740000354e-03
3.037570000000000103e+00 2.689558642669999996e-03
3.038920000000000066e+00 2.878255338520000362e-03
3.040270000000000028e+00 3.081313645000000479e-03
3.041620000000000434e+00 3.302773493200000104e-03
3.042970000000000397e+00 3.541682353300000790e-03
3.044320000000000359e+00 3.801351054400000252e-03
3.045679999999999943e+00 4.082155360799999758e-03
3.047029999999999905e+00 4.386717680099999801e-03
3.048379999999999868e+00 4.717855790800000101e-03
3.049730000000000274e+00 5.078532385200000554e-03
3.051080000000000236e+00 5.463141804800000431e-03
3.052430000000000199e+00 5.880781113699999792e-03
3.053780000000000161e+00 6.334791769800000860e-03
3.055130000000000123e+00 6.828337755200000921e-03
3.056490000000000151e+00 7.365865815900000425e-03
3.057840000000000114e+00 7.950628627199999784e-03
3.059190000000000076e+00 8.587482840899999387e-03
3.060540000000000482e+00 9.285617149200000794e-03
3.061890000000000445e+00 1.005402200400000098e-02
3.063240000000000407e+00 1.089275891040000083e-02
3.064590000000000369e+00 1.180863141750000157e-02
3.065940000000000332e+00 1.282176108000000064e-02
3.067300000000000360e+00 1.391538923700000319e-02
3.068650000000000322e+00 1.512178552950000157e-02
3.070000000000000284e+00 1.643656510000000154e-02
3.071350000000000247e+00 1.785624534350000250e-02
3.072700000000000209e+00 1.941052244300000076e-02
3.074050000000000171e+00 2.111057726750000321e-02
3.075400000000000134e+00 2.297120823600000070e-02
3.076750000000000096e+00 2.500647023000000455e-02
3.078110000000000124e+00 2.723487103120000169e-02
3.079460000000000086e+00 2.967333781940000026e-02
3.080810000000000048e+00 3.236144440199999889e-02
3.082160000000000011e+00 3.531816322399999875e-02
3.083509999999999973e+00 3.855528398699999831e-02
3.084859999999999935e+00 4.209939290600000356e-02
3.086209999999999898e+00 4.597835657999999742e-02
3.087559999999999860e+00 5.022070717999999045e-02
3.088920000000000332e+00 5.485674806400000353e-02
3.090270000000000294e+00 5.992435265100000408e-02
3.091620000000000257e+00 6.547618333200000418e-02
3.092970000000000219e+00 7.153637523899999962e-02
3.094320000000000181e+00 7.823709631200000125e-02
3.095670000000000144e+00 8.544358767000000132e-02
3.097020000000000106e+00 9.328626852599999908e-02
3.098370000000000068e+00 1.018173955919999957e-01
3.099720000000000031e+00 1.110837357240000017e-01
3.101080000000000059e+00 1.210832191399999896e-01
3.102430000000000021e+00 1.318932963470000053e-01
3.103779999999999983e+00 1.435765175079999900e-01
3.105129999999999946e+00 1.561858654089999798e-01
3.106479999999999908e+00 1.697682000559999904e-01
3.107829999999999870e+00 1.843726363160000103e-01
3.109180000000000277e+00 2.000387337579999925e-01
3.110530000000000239e+00 2.168403342010000179e-01
3.111890000000000267e+00 2.348400236060000368e-01
3.113240000000000229e+00 2.540213932360000371e-01
3.114590000000000192e+00 2.744093946550000274e-01
3.115940000000000154e+00 2.960040173980000300e-01
3.117290000000000116e+00 3.188146001700000176e-01
3.118640000000000079e+00 3.428165019999999674e-01
3.119990000000000485e+00 3.679872205500000493e-01
3.121340000000000447e+00 3.950742464800000020e-01
3.122700000000000031e+00 4.228416843000000203e-01
3.124049999999999994e+00 4.516501566000000190e-01
3.125399999999999956e+00 4.813991112000000072e-01
3.126750000000000362e+00 5.120115660000000846e-01
3.128100000000000325e+00 5.433478419000000725e-01
3.129450000000000287e+00 5.753118291000000051e-01
3.130800000000000249e+00 6.076100100000000337e-01
3.132150000000000212e+00 6.401331562500000016e-01
3.133509999999999796e+00 6.728178666699998756e-01
3.134860000000000202e+00 7.054814338400000606e-01
3.136210000000000164e+00 7.380003923600000348e-01
3.137560000000000127e+00 7.701454776000000724e-01
3.138910000000000089e+00 8.017968925799999758e-01
3.140260000000000051e+00 8.328095130399999491e-01
3.141610000000000014e+00 8.632453125800000349e-01
3.142959999999999976e+00 8.927106435999999645e-01
3.144320000000000004e+00 9.210342143999999953e-01
3.145670000000000410e+00 9.481112293400001390e-01
3.147020000000000373e+00 9.738170158200001314e-01
3.148370000000000335e+00 9.992296706000001194e-01
3.149720000000000297e+00 1.021986498680000022e+00
3.151070000000000260e+00 1.043155421360000057e+00
3.152420000000000222e+00 1.062746982820000019e+00
3.153770000000000184e+00 1.080740211139999962e+00
3.155130000000000212e+00 1.097215388280000203e+00
3.156480000000000175e+00 1.112185728000000040e+00
3.157830000000000137e+00 1.125744290190000108e+00
3.159180000000000099e+00 1.137974546159999933e+00
3.160530000000000062e+00 1.148881099770000080e+00
3.161880000000000024e+00 1.158547612680000061e+00
3.163229999999999986e+00 1.167162278939999798e+00
3.164579999999999949e+00 1.174862983319999943e+00
3.165940000000000420e+00 1.181740925980000245e+00
3.167290000000000383e+00 1.187895281790000146e+00
3.168640000000000345e+00 1.193423895040000238e+00
3.169990000000000308e+00 1.198402039540000130e+00
3.171340000000000270e+00 1.203675754320000069e+00
3.172690000000000232e+00 1.209575371739999960e+00
3.174040000000000195e+00 1.214609886800000149e+00
3.175390000000000157e+00 1.218949660860000117e+00
3.176750000000000185e+00 1.223077340749999964e+00
3.178100000000000147e+00 1.227042163300000155e+00
3.179450000000000109e+00 1.230882734649999977e+00
3.180800000000000072e+00 1.234395321600000095e+00
3.182150000000000034e+00 1.237665420999999988e+00
3.183499999999999996e+00 1.240883731000000045e+00
3.184849999999999959e+00 1.244059737299999968e+00
3.186200000000000365e+00 1.247218872800000211e+00
3.187550000000000328e+00 1.250364300750000046e+00
3.188909999999999911e+00 1.253499931709999959e+00
3.190259999999999874e+00 1.256614701660000000e+00
3.191609999999999836e+00 1.259747616659999903e+00
3.192959999999999798e+00 1.262885925119999975e+00
3.194310000000000205e+00 1.266026436780000264e+00
3.195660000000000167e+00 1.269169151640000104e+00
3.197010000000000129e+00 1.272320463720000072e+00
3.198360000000000092e+00 1.276942031640000197e+00
3.199720000000000120e+00 1.280070384040000064e+00
3.201070000000000082e+00 1.283072083820000042e+00
3.202420000000000044e+00 1.286018216340000020e+00
3.203770000000000007e+00 1.288953561480000065e+00
3.205120000000000413e+00 1.291868487680000177e+00
3.206470000000000375e+00 1.294775792470000297e+00
3.207820000000000338e+00 1.297653008960000243e+00
3.209170000000000300e+00 1.300512933330000287e+00
3.210529999999999884e+00 1.303346758799999838e+00
3.211880000000000290e+00 1.306152756440000173e+00
3.213230000000000253e+00 1.307476139920000113e+00
3.214580000000000215e+00 1.310256378840000124e+00
3.215930000000000177e+00 1.313022411910000020e+00
3.217280000000000140e+00 1.315793522559999928e+00
3.218630000000000102e+00 1.318579370729999978e+00
3.219980000000000064e+00 1.321370312680000048e+00
3.221340000000000092e+00 1.325069216940000016e+00
3.222690000000000499e+00 1.329279057750000215e+00
3.224040000000000461e+00 1.332457043520000051e+00
3.225390000000000423e+00 1.335640449780000294e+00
3.226740000000000386e+00 1.338845414280000146e+00
3.228090000000000348e+00 1.342049364690000246e+00
3.229440000000000310e+00 1.345258755840000209e+00
3.230790000000000273e+00 1.348027742760000036e+00
3.232150000000000301e+00 1.350515091700000170e+00
3.233500000000000263e+00 1.353006339000000002e+00
3.234850000000000225e+00 1.355521839450000154e+00
3.236200000000000188e+00 1.358035731800000034e+00
3.237550000000000150e+00 1.360567437300000071e+00
3.238900000000000112e+00 1.363120215099999921e+00
3.240250000000000075e+00 1.365648726000000091e+00
3.241600000000000037e+00 1.368029756799999941e+00
3.242960000000000065e+00 1.370416522720000030e+00
3.244310000000000027e+00 1.373306690069999947e+00
3.245659999999999989e+00 1.376812217659999948e+00
3.247009999999999952e+00 1.379196720589999980e+00
3.248359999999999914e+00 1.381559991600000092e+00
3.249709999999999877e+00 1.383924750309999840e+00
3.251059999999999839e+00 1.386583592119999819e+00
3.252409999999999801e+00 1.389322222469999923e+00
3.253770000000000273e+00 1.392053911560000135e+00
3.255120000000000235e+00 1.394783113680000186e+00
3.256470000000000198e+00 1.397523869910000105e+00
3.257820000000000160e+00 1.400263161120000044e+00
3.259170000000000122e+00 1.403014019940000079e+00
3.260520000000000085e+00 1.405652558760000170e+00
3.261870000000000047e+00 1.408139493389999997e+00
3.263220000000000010e+00 1.410611688719999979e+00
3.264580000000000037e+00 1.413093040480000173e+00
3.265930000000000000e+00 1.415552039899999892e+00
3.267279999999999962e+00 1.418486344720000014e+00
3.268629999999999924e+00 1.422158032590000065e+00
3.269979999999999887e+00 1.424619106680000025e+00
3.271330000000000293e+00 1.426702253590000025e+00
3.272680000000000256e+00 1.428793179760000198e+00
3.274030000000000218e+00 1.430904989410000105e+00
3.275390000000000246e+00 1.433019154290000152e+00
3.276740000000000208e+00 1.435146585200000047e+00
3.278090000000000170e+00 1.437272004320000018e+00
3.279440000000000133e+00 1.439424922559999986e+00
3.280790000000000095e+00 1.441595529950000065e+00
3.282140000000000502e+00 1.443803539580000184e+00
3.283490000000000464e+00 1.446022728080000208e+00
3.284840000000000426e+00 1.448262962120000052e+00
3.286190000000000389e+00 1.450527552190000069e+00
3.287549999999999972e+00 1.452827520899999891e+00
3.288900000000000379e+00 1.455167227200000246e+00
3.290250000000000341e+00 1.459252197000000084e+00
3.291600000000000303e+00 1.461667896000000244e+00
3.292950000000000266e+00 1.464104843100000108e+00
3.294300000000000228e+00 1.466596005600000030e+00
3.295650000000000190e+00 1.469115083100000163e+00
3.297000000000000153e+00 1.471668702000000106e+00
3.298360000000000181e+00 1.474254775759999969e+00
3.299710000000000143e+00 1.476861103830000133e+00
3.301060000000000105e+00 1.479152169040000020e+00
3.302410000000000068e+00 1.481368658520000103e+00
3.303760000000000030e+00 1.483619503200000134e+00
3.305109999999999992e+00 1.485884912920000023e+00
3.306459999999999955e+00 1.488194662019999948e+00
3.307809999999999917e+00 1.490528956289999929e+00
3.309169999999999945e+00 1.492915499650000033e+00
3.310519999999999907e+00 1.495242705279999917e+00
3.311869999999999870e+00 1.498998728179999906e+00
3.313219999999999832e+00 1.501494979259999862e+00
3.314569999999999794e+00 1.503770690449999892e+00
3.315919999999999757e+00 1.506067652559999859e+00
3.317269999999999719e+00 1.508356034459999773e+00
3.318619999999999681e+00 1.510652417099999978e+00
3.319980000000000597e+00 1.512941445840000343e+00
3.321330000000000560e+00 1.515077820780000417e+00
3.322680000000000522e+00 1.517205464280000138e+00
3.324030000000000484e+00 1.519321040160000136e+00
3.325380000000000447e+00 1.521434508360000049e+00
3.326730000000000409e+00 1.523525904450000246e+00
3.328080000000000371e+00 1.525621824720000186e+00
3.329430000000000334e+00 1.527698967210000092e+00
3.330790000000000362e+00 1.528659408920000295e+00
3.332140000000000324e+00 1.528775835580000075e+00
3.333490000000000286e+00 1.528871853600000108e+00
3.334840000000000249e+00 1.530458121200000132e+00
3.336190000000000211e+00 1.530800772930000164e+00
3.337540000000000173e+00 1.530849497039999951e+00
3.338890000000000136e+00 1.530864370550000020e+00
3.340240000000000098e+00 1.530133881840000099e+00
3.341600000000000126e+00 1.526038546400000140e+00
3.342950000000000088e+00 1.521911417000000100e+00
3.344300000000000050e+00 1.517757046200000071e+00
3.345650000000000013e+00 1.513568714350000066e+00
3.346999999999999975e+00 1.509353079000000042e+00
3.348350000000000382e+00 1.505096718400000144e+00
3.349700000000000344e+00 1.500829735299999967e+00
3.351050000000000306e+00 1.491166984250000160e+00
3.352409999999999890e+00 1.479958271009999882e+00
3.353759999999999852e+00 1.468702055519999883e+00
3.355109999999999815e+00 1.457409457350000048e+00
3.356460000000000221e+00 1.446080444100000140e+00
3.357810000000000183e+00 1.434718341179999967e+00
3.359160000000000146e+00 1.423333197720000109e+00
3.360510000000000108e+00 1.417083380370000034e+00
3.361860000000000070e+00 1.419310054799999943e+00
3.363219999999999654e+00 1.421535560619999972e+00
3.364570000000000061e+00 1.423754805770000020e+00
3.365920000000000023e+00 1.425982105759999952e+00
3.367269999999999985e+00 1.428197265069999888e+00
3.368619999999999948e+00 1.430427216459999817e+00
3.369969999999999910e+00 1.432651756309999858e+00
3.371319999999999872e+00 1.446677239160000017e+00
3.372669999999999835e+00 1.462092917039999884e+00
3.374019999999999797e+00 1.478718249319999956e+00
3.375380000000000269e+00 1.493122970660000215e+00
3.376730000000000231e+00 1.507541108500000115e+00
3.378080000000000638e+00 1.522007456320000340e+00
3.379430000000000600e+00 1.536495023230000312e+00
3.380780000000000562e+00 1.545533719340000278e+00
3.382130000000000525e+00 1.550578084060000084e+00
3.383480000000000487e+00 1.555636133520000186e+00
3.384830000000000449e+00 1.560707879870000259e+00
3.386190000000000477e+00 1.565784414570000171e+00
3.387540000000000440e+00 1.570880211420000228e+00
3.388890000000000402e+00 1.575962627820000295e+00
3.390240000000000364e+00 1.580133229920000160e+00
3.391590000000000327e+00 1.580073949200000216e+00
3.392940000000000289e+00 1.579986976860000114e+00
3.394290000000000251e+00 1.579872280500000059e+00
3.395640000000000214e+00 1.579723036440000117e+00
3.397000000000000242e+00 1.579557442000000256e+00
3.398350000000000204e+00 1.579342382300000125e+00
3.399700000000000166e+00 1.579102855099999925e+00
3.401050000000000129e+00 1.578672180599999919e+00
3.402400000000000091e+00 1.578162411199999893e+00
3.403750000000000053e+00 1.577638125000000002e+00
3.405100000000000016e+00 1.577082280299999972e+00
3.406449999999999978e+00 1.576518685799999986e+00
3.407810000000000006e+00 1.575928103260000102e+00
3.409159999999999968e+00 1.575597840559999963e+00
3.410509999999999931e+00 1.576767446260000094e+00
3.411859999999999893e+00 1.576756980399999897e+00
3.413209999999999855e+00 1.576735772709999983e+00
3.414559999999999818e+00 1.576676494560000030e+00
3.415910000000000224e+00 1.578222154110000108e+00
3.417260000000000186e+00 1.578285451820000240e+00
3.418619999999999770e+00 1.578175155419999864e+00
3.419969999999999732e+00 1.578045977369999964e+00
3.421319999999999695e+00 1.579185515039999821e+00
3.422669999999999657e+00 1.580352841769999905e+00
3.424020000000000064e+00 1.581496629659999931e+00
3.425370000000000026e+00 1.582640827949999940e+00
3.426719999999999988e+00 1.583782009919999956e+00
3.428069999999999951e+00 1.584920171520000087e+00
3.429430000000000422e+00 1.586080510130000176e+00
3.430780000000000385e+00 1.586866119640000239e+00
3.432130000000000347e+00 1.587380717780000117e+00
3.433480000000000310e+00 1.587860894720000138e+00
3.434830000000000272e+00 1.588313479620000024e+00
3.436180000000000234e+00 1.588752184800000133e+00
3.437530000000000641e+00 1.589163243940000303e+00
3.438880000000000603e+00 1.589560380160000230e+00
3.440240000000000187e+00 1.589820910000000032e+00
3.441590000000000149e+00 1.589494899910000036e+00
3.442940000000000111e+00 1.589181916380000059e+00
3.444290000000000518e+00 1.590738447920000187e+00
3.445640000000000480e+00 1.590459185040000278e+00
3.446990000000000443e+00 1.590186108740000215e+00
3.448340000000000405e+00 1.590536479980000140e+00
3.449690000000000367e+00 1.591448937390000040e+00
3.451049999999999951e+00 1.591914148200000101e+00
3.452400000000000357e+00 1.592609382000000240e+00
3.453750000000000320e+00 1.593308126250000178e+00
3.455100000000000282e+00 1.594027660500000110e+00
3.456450000000000244e+00 1.594761096150000057e+00
3.457800000000000207e+00 1.595498076000000154e+00
3.459150000000000169e+00 1.596255899850000048e+00
3.460500000000000131e+00 1.597519062000000156e+00
3.461850000000000094e+00 1.599648186150000040e+00
3.463210000000000122e+00 1.601790036359999947e+00
3.464560000000000084e+00 1.603938839360000035e+00
3.465910000000000046e+00 1.606099228089999942e+00
3.467260000000000009e+00 1.608264280180000005e+00
3.468609999999999971e+00 1.610440936899999897e+00
3.469959999999999933e+00 1.612622270479999953e+00
3.471309999999999896e+00 1.613721764939999970e+00
3.472659999999999858e+00 1.614797317979999924e+00
3.474019999999999886e+00 1.615881344659999996e+00
3.475369999999999848e+00 1.616978449159999887e+00
3.476719999999999811e+00 1.619449222559999901e+00
3.478069999999999773e+00 1.621100602439999872e+00
3.479419999999999735e+00 1.622992856099999992e+00
3.480769999999999698e+00 1.625825897759999972e+00
3.482119999999999660e+00 1.628106991439999707e+00
3.483470000000000066e+00 1.630385881449999852e+00
3.484830000000000538e+00 1.632663763980000127e+00
3.486180000000000501e+00 1.634938237860000143e+00
3.487530000000000463e+00 1.637196545790000179e+00
3.488880000000000425e+00 1.639456111920000181e+00
3.490230000000000388e+00 1.641786740850000204e+00
3.491580000000000350e+00 1.644516722100000106e+00
3.492930000000000312e+00 1.647241337490000124e+00
3.494280000000000275e+00 1.649953590360000222e+00
3.495640000000000303e+00 1.652665183560000139e+00
3.496990000000000265e+00 1.655356168340000211e+00
3.498340000000000227e+00 1.658038243000000023e+00
3.499690000000000190e+00 1.660725394149999978e+00
3.501040000000000152e+00 1.663204062399999961e+00
3.502390000000000114e+00 1.665624607520000078e+00
3.503740000000000521e+00 1.668036013020000263e+00
3.505090000000000483e+00 1.670431256570000356e+00
3.506450000000000067e+00 1.672825607950000126e+00
3.507800000000000029e+00 1.676766985800000054e+00
3.509149999999999991e+00 1.679549372999999957e+00
3.510499999999999954e+00 1.682968805000000012e+00
3.511850000000000360e+00 1.686544891400000079e+00
3.513200000000000323e+00 1.689157099600000045e+00
3.514550000000000285e+00 1.691739186149999963e+00
3.515900000000000247e+00 1.694312210000000096e+00
3.517259999999999831e+00 1.696873948919999764e+00
3.518610000000000237e+00 1.699425295020000171e+00
3.519960000000000200e+00 1.701953459400000090e+00
3.521310000000000162e+00 1.704187272840000045e+00
3.522660000000000124e+00 1.706387071980000059e+00
3.524010000000000087e+00 1.708577484390000123e+00
3.525360000000000049e+00 1.710772599360000035e+00
3.526710000000000012e+00 1.712972420939999907e+00
3.528070000000000039e+00 1.715171230500000199e+00
3.529420000000000002e+00 1.717362830699999954e+00
3.530769999999999964e+00 1.719432028449999983e+00
3.532119999999999926e+00 1.721403406839999928e+00
3.533469999999999889e+00 1.723379323099999860e+00
3.534819999999999851e+00 1.727010542219999945e+00
3.536169999999999813e+00 1.729349793819999759e+00
3.537519999999999776e+00 1.731329500879999816e+00
3.538880000000000248e+00 1.733315112960000182e+00
3.540230000000000654e+00 1.735211872430000302e+00
3.541580000000000616e+00 1.736663335120000484e+00
3.542930000000000579e+00 1.739929380070000420e+00
3.544280000000000541e+00 1.741538686480000431e+00
3.545630000000000503e+00 1.743021071110000264e+00
3.546980000000000466e+00 1.744518267360000152e+00
3.548330000000000428e+00 1.746016098110000137e+00
3.549680000000000391e+00 1.747521662720000313e+00
3.551040000000000418e+00 1.748975976000000099e+00
3.552390000000000381e+00 1.752290967690000256e+00
3.553740000000000343e+00 1.753653416580000179e+00
3.555090000000000305e+00 1.755027059940000189e+00
3.556440000000000268e+00 1.756411909919999959e+00
3.557790000000000230e+00 1.757811536460000212e+00
3.559140000000000192e+00 1.759229514899999902e+00
3.560490000000000155e+00 1.760744196270000117e+00
3.561850000000000183e+00 1.762431874800000076e+00
3.563200000000000145e+00 1.764122504000000147e+00
3.564550000000000107e+00 1.765824601750000111e+00
3.565900000000000070e+00 1.767538180200000086e+00
3.567250000000000032e+00 1.769266818750000025e+00
3.568599999999999994e+00 1.772255974999999983e+00
3.569949999999999957e+00 1.774836341999999956e+00
3.571300000000000363e+00 1.776371762600000181e+00
3.572659999999999947e+00 1.777912813039999929e+00
3.574009999999999909e+00 1.779456690880000025e+00
3.575359999999999872e+00 1.781008378239999912e+00
3.576709999999999834e+00 1.782567883219999816e+00
3.578060000000000240e+00 1.786124615280000105e+00
3.579410000000000203e+00 1.787693371580000079e+00
3.580760000000000165e+00 1.789137476280000083e+00
3.582110000000000127e+00 1.790492608729999935e+00
3.583469999999999711e+00 1.791856837979999728e+00
3.584819999999999673e+00 1.794930128459999885e+00
3.586170000000000080e+00 1.796685514680000040e+00
3.587520000000000042e+00 1.798057848960000094e+00
3.588870000000000005e+00 1.799423529300000046e+00
3.590219999999999967e+00 1.800753825839999989e+00
3.591569999999999929e+00 1.801876302719999989e+00
3.592919999999999892e+00 1.803002707319999898e+00
3.594280000000000364e+00 1.804134468880000286e+00
3.595630000000000326e+00 1.805265145359999934e+00
3.596980000000000288e+00 1.806396162040000197e+00
3.598330000000000251e+00 1.807538313910000083e+00
3.599680000000000657e+00 1.808688013440000297e+00
3.601030000000000619e+00 1.809841667700000212e+00
3.602380000000000582e+00 1.810992075980000227e+00
3.603730000000000544e+00 1.813688838130000258e+00
3.605090000000000128e+00 1.815407961120000024e+00
3.606440000000000534e+00 1.816560221560000299e+00
3.607790000000000497e+00 1.817716443490000389e+00
3.609140000000000459e+00 1.818876630960000185e+00
3.610490000000000421e+00 1.819950525770000160e+00
3.611840000000000384e+00 1.820883853120000229e+00
3.613190000000000346e+00 1.821820982660000254e+00
3.614540000000000308e+00 1.822754689359999958e+00
3.615900000000000336e+00 1.823693628600000061e+00
3.617250000000000298e+00 1.824627714000000012e+00
3.618600000000000261e+00 1.825561988400000057e+00
3.619950000000000223e+00 1.828429505100000352e+00
3.621300000000000185e+00 1.829433683100000207e+00
3.622650000000000148e+00 1.830336667200000100e+00
3.624000000000000110e+00 1.831250687999999904e+00
3.625350000000000072e+00 1.832161256250000037e+00
3.626710000000000100e+00 1.833080675689999994e+00
3.628060000000000063e+00 1.833995214180000222e+00
3.629410000000000025e+00 1.834902666650000125e+00
3.630759999999999987e+00 1.835955516919999919e+00
3.632109999999999950e+00 1.837124870109999808e+00
3.633459999999999912e+00 1.838287318179999907e+00
3.634809999999999874e+00 1.839450122649999964e+00
3.636159999999999837e+00 1.840613283519999976e+00
3.637519999999999865e+00 1.841785501599999764e+00
3.638869999999999827e+00 1.842949377939999689e+00
3.640219999999999789e+00 1.844157293319999891e+00
3.641569999999999752e+00 1.845565883849999755e+00
3.642919999999999714e+00 1.846975011679999890e+00
3.644269999999999676e+00 1.848381032540000080e+00
3.645620000000000083e+00 1.849787587999999872e+00
3.646970000000000045e+00 1.851187384120000168e+00
3.648320000000000007e+00 1.852584061119999959e+00
3.649680000000000479e+00 1.855446216480000299e+00
3.651030000000000442e+00 1.857738990780000155e+00
3.652380000000000404e+00 1.859393786580000096e+00
3.653730000000000366e+00 1.861045644150000289e+00
3.655080000000000329e+00 1.862690904360000177e+00
3.656430000000000291e+00 1.864325902680000091e+00
3.657780000000000253e+00 1.865961600300000134e+00
3.659130000000000660e+00 1.867579701570000195e+00
3.660490000000000244e+00 1.869101101350000294e+00
3.661840000000000206e+00 1.870442239120000405e+00
3.663190000000000168e+00 1.871780194300000311e+00
3.664540000000000131e+00 1.873114962840000119e+00
3.665890000000000537e+00 1.874439208910000154e+00
3.667240000000000499e+00 1.875752920360000076e+00
3.668590000000000462e+00 1.877056085040000211e+00
3.669940000000000424e+00 1.880326788460000342e+00
3.671300000000000008e+00 1.881981805999999979e+00
3.672649999999999970e+00 1.883514879849999879e+00
3.674000000000000377e+00 1.885033876000000275e+00
3.675350000000000339e+00 1.886542453600000169e+00
3.676700000000000301e+00 1.888044277200000121e+00
3.678050000000000264e+00 1.889535660650000226e+00
3.679400000000000226e+00 1.891023950600000170e+00
3.680750000000000188e+00 1.892494420000000011e+00
3.682110000000000216e+00 1.893959556480000250e+00
3.683460000000000178e+00 1.895420112960000125e+00
3.684810000000000141e+00 1.896866491800000221e+00
3.686160000000000103e+00 1.898306049120000338e+00
3.687510000000000066e+00 1.899738776820000030e+00
3.688860000000000028e+00 1.901168355659999865e+00
3.690209999999999990e+00 1.902513596970000220e+00
3.691559999999999953e+00 1.903431092519999979e+00
3.692919999999999980e+00 1.904346520999999903e+00
3.694269999999999943e+00 1.907462429099999746e+00
3.695619999999999905e+00 1.908373820559999823e+00
3.696969999999999867e+00 1.909281671650000067e+00
3.698319999999999830e+00 1.910189676639999945e+00
3.699669999999999792e+00 1.911094135859999765e+00
3.701019999999999754e+00 1.911998746279999883e+00
3.702369999999999717e+00 1.912903507899999633e+00
3.703730000000000633e+00 1.913813587980000452e+00
3.705080000000000595e+00 1.914722357640000316e+00
3.706430000000000557e+00 1.915642400490000563e+00
3.707780000000000520e+00 1.916566313120000364e+00
3.709130000000000482e+00 1.917490390450000248e+00
3.710480000000000445e+00 1.918511104960000102e+00
3.711830000000000407e+00 1.919695374890000084e+00
3.713180000000000369e+00 1.920883711700000163e+00
3.714540000000000397e+00 1.922077579380000234e+00
3.715890000000000359e+00 1.923262914420000191e+00
3.717240000000000322e+00 1.924448603160000104e+00
3.718590000000000284e+00 1.925634645599999972e+00
3.719940000000000246e+00 1.926828481620000089e+00
3.721290000000000209e+00 1.928033840610000160e+00
3.722640000000000171e+00 1.929243289440000009e+00
3.723990000000000133e+00 1.930453108170000265e+00
3.725350000000000161e+00 1.931675932700000153e+00
3.726700000000000124e+00 1.932890222000000158e+00
3.728050000000000086e+00 1.934104883899999905e+00
3.729400000000000048e+00 1.935319918399999839e+00
3.730750000000000011e+00 1.936539056249999780e+00
3.732099999999999973e+00 1.937766033599999993e+00
3.733450000000000379e+00 1.938989658200000354e+00
3.734800000000000342e+00 1.940206191200000152e+00
3.736150000000000304e+00 1.943668522949999922e+00
3.737509999999999888e+00 1.944880603680000153e+00
3.738859999999999850e+00 1.946069152279999992e+00
3.740209999999999813e+00 1.947650773929999968e+00
3.741560000000000219e+00 1.950250734400000185e+00
3.742910000000000181e+00 1.951107867709999999e+00
3.744260000000000144e+00 1.951946390420000288e+00
3.745610000000000106e+00 1.952766282280000265e+00
3.746960000000000068e+00 1.953560029119999930e+00
3.748320000000000096e+00 1.954340313120000339e+00
3.749670000000000059e+00 1.955096686350000112e+00
3.751020000000000021e+00 1.955826840239999864e+00
3.752369999999999983e+00 1.956538251180000243e+00
3.753719999999999946e+00 1.957219637759999964e+00
3.755069999999999908e+00 1.957870967580000121e+00
3.756419999999999870e+00 1.958495964659999755e+00
3.757769999999999833e+00 1.959087085109999959e+00
3.759130000000000305e+00 1.959653264650000226e+00
3.760480000000000267e+00 1.960187804799999878e+00
3.761830000000000673e+00 1.960688366980000152e+00
3.763180000000000636e+00 1.961162441100000153e+00
3.764530000000000598e+00 1.961617527870000099e+00
3.765880000000000560e+00 1.962042309400000573e+00
3.767230000000000523e+00 1.962444287750000127e+00
3.768580000000000485e+00 1.962830975780000209e+00
3.769940000000000513e+00 1.963188715120000261e+00
3.771290000000000475e+00 1.963488196890000426e+00
3.772640000000000438e+00 1.963764753920000272e+00
3.773990000000000400e+00 1.964010813930000099e+00
3.775340000000000362e+00 1.964233895200000024e+00
3.776690000000000325e+00 1.966016406540000094e+00
3.778040000000000287e+00 1.966908072640000116e+00
3.779390000000000249e+00 1.967089348420000050e+00
3.780750000000000277e+00 1.967434246500000095e+00
3.782100000000000239e+00 1.967902272000000119e+00
3.783450000000000202e+00 1.968370130100000059e+00
3.784800000000000164e+00 1.968837820800000138e+00
3.786150000000000126e+00 1.969297771800000207e+00
3.787500000000000089e+00 1.969761337500000042e+00
3.788850000000000051e+00 1.970220944250000272e+00
3.790200000000000014e+00 1.970600784000000161e+00
3.791560000000000041e+00 1.970538188519999956e+00
3.792910000000000004e+00 1.970492603199999859e+00
3.794259999999999966e+00 1.970461663019999810e+00
3.795609999999999928e+00 1.970460566619999909e+00
3.796959999999999891e+00 1.970481752479999793e+00
3.798309999999999853e+00 1.970521446589999615e+00
3.799659999999999815e+00 1.970594867839999820e+00
3.801010000000000222e+00 1.971108760750000188e+00
3.802369999999999806e+00 1.971791208529999784e+00
3.803719999999999768e+00 1.972506491559999686e+00
3.805069999999999730e+00 1.973248420880000076e+00
3.806419999999999693e+00 1.974020831260000053e+00
3.807770000000000099e+00 1.974846601719999928e+00
3.809120000000000061e+00 1.975721979839999864e+00
3.810470000000000024e+00 1.976536514639999798e+00
3.811819999999999986e+00 1.977210093099999844e+00
3.813180000000000458e+00 1.977934597800000249e+00
3.814530000000000420e+00 1.978692074250000266e+00
3.815880000000000383e+00 1.979499197640000263e+00
3.817230000000000345e+00 1.980863712210000349e+00
3.818580000000000307e+00 1.983496465140000220e+00
3.819930000000000270e+00 1.984400155980000191e+00
3.821280000000000676e+00 1.985368951680000382e+00
3.822630000000000638e+00 1.986372340050000185e+00
3.823980000000000601e+00 1.987421829480000346e+00
3.825340000000000185e+00 1.988507365500000068e+00
3.826690000000000147e+00 1.989614758390000127e+00
3.828040000000000109e+00 1.990756889840000099e+00
3.829390000000000516e+00 1.991914649350000177e+00
3.830740000000000478e+00 1.993080391640000393e+00
3.832090000000000440e+00 1.994254124810000306e+00
3.833440000000000403e+00 1.995428190080000164e+00
3.834790000000000365e+00 1.996594917870000208e+00
3.836150000000000393e+00 1.997759507800000334e+00
3.837500000000000355e+00 1.998903862500000184e+00
3.838850000000000318e+00 2.001921886500000358e+00
3.840200000000000280e+00 2.003378577199999899e+00
3.841550000000000242e+00 2.004459325200000031e+00
3.842900000000000205e+00 2.005498065899999904e+00
3.844250000000000167e+00 2.006498598999999938e+00
3.845600000000000129e+00 2.007457038400000116e+00
3.846960000000000157e+00 2.008367019360000061e+00
3.848310000000000120e+00 2.009218044240000278e+00
3.849660000000000082e+00 2.009996028180000227e+00
3.851010000000000044e+00 2.010681639179999980e+00
3.852360000000000007e+00 2.011290189479999935e+00
3.853709999999999969e+00 2.011825451790000052e+00
3.855059999999999931e+00 2.012275783979999844e+00
3.856409999999999894e+00 2.012641096949999930e+00
3.857769999999999921e+00 2.014701093649999830e+00
3.859119999999999884e+00 2.015417701760000124e+00
3.860469999999999846e+00 2.015497340420000061e+00
3.861819999999999808e+00 2.015483858000000073e+00
3.863169999999999771e+00 2.015357841449999743e+00
3.864519999999999733e+00 2.015119173320000012e+00
3.865869999999999695e+00 2.014771602029999720e+00
3.867220000000000102e+00 2.014307279740000123e+00
3.868580000000000574e+00 2.013742896040000119e+00
3.869930000000000536e+00 2.013075667120000301e+00
3.871280000000000499e+00 2.012252631199999975e+00
3.872630000000000461e+00 2.011327843100000123e+00
3.873980000000000423e+00 2.010305071499999929e+00
3.875330000000000386e+00 2.009168713830000286e+00
3.876680000000000348e+00 2.007926406000000163e+00
3.878030000000000310e+00 2.006589672750000108e+00
3.879390000000000338e+00 2.005155826859999824e+00
3.880740000000000300e+00 2.003657107920000069e+00
3.882090000000000263e+00 2.002102511519999961e+00
3.883440000000000225e+00 2.000468680320000026e+00
3.884790000000000187e+00 1.998771072480000077e+00
3.886140000000000150e+00 1.997021281619999922e+00
3.887490000000000112e+00 1.995219255089999866e+00
3.888840000000000519e+00 1.993364940240000216e+00
3.890200000000000102e+00 1.991478964399999940e+00
3.891550000000000065e+00 1.989516022000000106e+00
3.892900000000000027e+00 1.987512309199999994e+00
3.894249999999999989e+00 1.985483362500000126e+00
3.895600000000000396e+00 1.983421366400000441e+00
3.896950000000000358e+00 1.981326288500000476e+00
3.898300000000000320e+00 1.981498093400000160e+00
3.899650000000000283e+00 1.979360949099999933e+00
3.901009999999999867e+00 1.977195710419999974e+00
3.902359999999999829e+00 1.975007810159999710e+00
3.903710000000000235e+00 1.972802307860000104e+00
3.905060000000000198e+00 1.970575282260000005e+00
3.906410000000000160e+00 1.968326713109999959e+00
3.907760000000000122e+00 1.966052672400000034e+00
3.909110000000000085e+00 1.963729681170000019e+00
3.910460000000000047e+00 1.961373332660000024e+00
3.911820000000000075e+00 1.958996425980000122e+00
3.913170000000000037e+00 1.956530215619999957e+00
3.914520000000000000e+00 1.955095270439999977e+00
3.915869999999999962e+00 1.953470908200000133e+00
3.917219999999999924e+00 1.950665877840000118e+00
3.918569999999999887e+00 1.947705625650000050e+00
3.919919999999999849e+00 1.944570394079999875e+00
3.921269999999999811e+00 1.941224713499999810e+00
3.922619999999999774e+00 1.937629143059999892e+00
3.923980000000000690e+00 1.933753039920000472e+00
3.925330000000000652e+00 1.929550916120000403e+00
3.926680000000000614e+00 1.924976336400000321e+00
3.928030000000000577e+00 1.919993567790000188e+00
3.929380000000000539e+00 1.914547181820000166e+00
3.930730000000000501e+00 1.908558090040000099e+00
3.932080000000000464e+00 1.901990348880000292e+00
3.933430000000000426e+00 1.894804032740000199e+00
3.934790000000000454e+00 1.886948218450000159e+00
3.936140000000000416e+00 1.878361433260000268e+00
3.937490000000000379e+00 1.870043938170000253e+00
3.938840000000000341e+00 1.860920713360000089e+00
3.940190000000000303e+00 1.849848281580000142e+00
3.941540000000000266e+00 1.838062289740000077e+00
3.942890000000000228e+00 1.825250524580000144e+00
3.944240000000000190e+00 1.811376443040000117e+00
3.945600000000000218e+00 1.796392224000000093e+00
3.946950000000000180e+00 1.780244168850000142e+00
3.948300000000000143e+00 1.762904105100000063e+00
3.949650000000000105e+00 1.744347123899999907e+00
3.951000000000000068e+00 1.724342832000000048e+00
3.952350000000000030e+00 1.703004377399999880e+00
3.953699999999999992e+00 1.680433203600000036e+00
3.955050000000000399e+00 1.656620153100000215e+00
3.956409999999999982e+00 1.631556225029999974e+00
3.957759999999999945e+00 1.605263498240000031e+00
3.959109999999999907e+00 1.577764721649999924e+00
3.960459999999999869e+00 1.549106205780000023e+00
3.961809999999999832e+00 1.519342249569999748e+00
3.963160000000000238e+00 1.488515338080000028e+00
3.964510000000000201e+00 1.456683873810000085e+00
3.965860000000000163e+00 1.423938067140000152e+00
3.967219999999999747e+00 1.390359855639999864e+00
3.968569999999999709e+00 1.356008777590000047e+00
3.969920000000000115e+00 1.322320803200000228e+00
3.971270000000000078e+00 1.286814589370000039e+00
3.972620000000000040e+00 1.250695981980000093e+00
3.973970000000000002e+00 1.214175002040000173e+00
3.975319999999999965e+00 1.177358598440000126e+00
3.976669999999999927e+00 1.140345912529999950e+00
3.978030000000000399e+00 1.104507985560000183e+00
3.979380000000000361e+00 1.067369200500000170e+00
3.980730000000000324e+00 1.030316422980000146e+00
3.982080000000000286e+00 9.934373721600000540e-01
3.983430000000000692e+00 9.568358197200002024e-01
3.984780000000000655e+00 9.205997386200002186e-01
3.986130000000000617e+00 8.848012761000001447e-01
3.987480000000000580e+00 8.495166640800001501e-01
3.988840000000000163e+00 8.148163021600001166e-01
3.990190000000000126e+00 7.807684576800000276e-01
3.991540000000000532e+00 7.474278396200001451e-01
3.992890000000000494e+00 7.148470967000000176e-01
3.994240000000000457e+00 6.830709593600000629e-01
3.995590000000000419e+00 6.521362262600000070e-01
3.996940000000000381e+00 6.220757477200000718e-01
3.998290000000000344e+00 5.929184189700000829e-01
3.999650000000000372e+00 5.646825859500000933e-01
4.001000000000000334e+00 5.373743100000001327e-01
4.002349999999999852e+00 5.110200479999998935e-01
4.003700000000000259e+00 4.856287915000000455e-01
4.005049999999999777e+00 4.611975276999999984e-01
4.006400000000000183e+00 4.377272448000000260e-01
4.007750000000000590e+00 4.152029000000000414e-01
4.009100000000000108e+00 3.936146407300000205e-01
4.010450000000000514e+00 3.729738552250000394e-01
4.011809999999999654e+00 3.532719649799999639e-01
4.013160000000000061e+00 3.344543465039999663e-01
4.014510000000000467e+00 3.165047713020000542e-01
4.015859999999999985e+00 2.993992296119999952e-01
4.017210000000000392e+00 2.831132764710000416e-01
4.018559999999999910e+00 2.677952309759999427e-01
4.019910000000000316e+00 2.531904134310000165e-01
4.021259999999999835e+00 2.394262225259999877e-01
4.022619999999999862e+00 2.260990000779999898e-01
4.023970000000000269e+00 2.134667797360000063e-01
4.025319999999999787e+00 2.014974558999999832e-01
4.026670000000000194e+00 1.901635174200000111e-01
4.028019999999999712e+00 1.794394293559999909e-01
4.029370000000000118e+00 1.692984128570000080e-01
4.030719999999999636e+00 1.597116369920000001e-01
4.032070000000000043e+00 1.506542634799999947e-01
4.033430000000000071e+00 1.420997556149999896e-01
4.034780000000000477e+00 1.340188490020000067e-01
4.036130000000000884e+00 1.263934290150000306e-01
4.037480000000000402e+00 1.192025595200000149e-01
4.038830000000000808e+00 1.124220446990000233e-01
4.040180000000000327e+00 1.060296758840000159e-01
4.041530000000000733e+00 1.000165512160000186e-01
4.042880000000000251e+00 9.434828627200000928e-02
4.044240000000000279e+00 8.900684719200001316e-02
4.045590000000000686e+00 8.397835722000000780e-02
4.046940000000000204e+00 7.924313214000000549e-02
4.048290000000000610e+00 7.478122736700001938e-02
4.049640000000000128e+00 7.057631599199999661e-02
4.050990000000000535e+00 6.661123876800001398e-02
4.052340000000000053e+00 6.287448650400000172e-02
4.053690000000000460e+00 5.935656119400000569e-02
4.055050000000000487e+00 5.604768458500000716e-02
4.056400000000000006e+00 5.293318051999999774e-02
4.057750000000000412e+00 4.999959550000000058e-02
4.059099999999999930e+00 4.723615260999999843e-02
4.060450000000000337e+00 4.465885932500000127e-02
4.061799999999999855e+00 4.223337785999999733e-02
4.063150000000000261e+00 3.992239906199999966e-02
4.064499999999999780e+00 3.774627988999999795e-02
4.065859999999999808e+00 3.569581128399999803e-02
4.067210000000000214e+00 3.376231693100000680e-02
4.068559999999999732e+00 3.194206113200000197e-02
4.069910000000000139e+00 3.022946002050000067e-02
4.071259999999999657e+00 2.861757865420000088e-02
4.072610000000000063e+00 2.711698497180000181e-02
4.073960000000000470e+00 2.569613604360000345e-02
4.075309999999999988e+00 2.434655398959999911e-02
4.076670000000000016e+00 2.307525673440000147e-02
4.078019999999999534e+00 2.188000460699999691e-02
4.079369999999999941e+00 2.075261185769999850e-02
4.080720000000000347e+00 1.968518924399999953e-02
4.082069999999999865e+00 1.867718471940000083e-02
4.083420000000000272e+00 1.772731041180000341e-02
4.084769999999999790e+00 1.683002850629999880e-02
4.086120000000000196e+00 1.597991637360000189e-02
4.087480000000000224e+00 1.517558699600000081e-02
4.088830000000000631e+00 1.441255331380000143e-02
4.090180000000000149e+00 1.369089590679999947e-02
4.091530000000000555e+00 1.301081990820000117e-02
4.092880000000000074e+00 1.237072980000000072e-02
4.094230000000000480e+00 1.176550686640000058e-02
4.095580000000000886e+00 1.119444881400000376e-02
4.096930000000000405e+00 1.065689334670000266e-02
4.098280000000000811e+00 1.014795602200000216e-02
4.099639999999999951e+00 9.665639235200000276e-03
4.100990000000000357e+00 9.208937084600000988e-03
4.102340000000000764e+00 8.777284617200000957e-03
4.103690000000000282e+00 8.372922854599999798e-03
4.105040000000000688e+00 7.986191118400001732e-03
4.106390000000000207e+00 7.616983874900000451e-03
4.107740000000000613e+00 7.266386673000000893e-03
4.109090000000000131e+00 6.933473011500000498e-03
4.110450000000000159e+00 6.621030651000000405e-03
4.111800000000000566e+00 6.326579952000001110e-03
4.113150000000000084e+00 6.045672396000000351e-03
4.114500000000000490e+00 5.779267845000000785e-03
4.115850000000000009e+00 5.526557587499999688e-03
4.117200000000000415e+00 5.285784875999999938e-03
4.118549999999999933e+00 5.059226819999999326e-03
4.119900000000000340e+00 4.845537987000000414e-03
4.121260000000000367e+00 4.639137531599999906e-03
4.122609999999999886e+00 4.441164074699999707e-03
4.123960000000000292e+00 4.252503833200000673e-03
4.125309999999999810e+00 4.074614065410000173e-03
4.126660000000000217e+00 3.904431105680000215e-03
4.128009999999999735e+00 3.741500295689999429e-03
4.129360000000000142e+00 3.587150255840000114e-03
4.130709999999999660e+00 3.439757876879999919e-03
4.132069999999999688e+00 3.299400046019999953e-03
4.133420000000000094e+00 3.167820020639999703e-03
4.134769999999999612e+00 3.044567598409999697e-03
4.136120000000000019e+00 2.925556262279999965e-03
4.137469999999999537e+00 2.811899086459999832e-03
4.138819999999999943e+00 2.704946505099999760e-03
4.140170000000000350e+00 2.603363737020000183e-03
4.141519999999999868e+00 2.502844781600000162e-03
4.142880000000000784e+00 2.404738838880000201e-03
4.144230000000000302e+00 2.310358494240000258e-03
4.145580000000000709e+00 2.221027649640000198e-03
4.146930000000000227e+00 2.137157697869999842e-03
4.148280000000000634e+00 2.061691011720000449e-03
4.149630000000000152e+00 1.987432091460000078e-03
4.150980000000000558e+00 1.915598401380000327e-03
4.152330000000000076e+00 1.849775816069999888e-03
4.153690000000000104e+00 1.789035819900000124e-03
4.155040000000000511e+00 1.728571430720000175e-03
4.156390000000000029e+00 1.666213623200000007e-03
4.157740000000000435e+00 1.606080911380000295e-03
4.159089999999999954e+00 1.548924138710000000e-03
4.160440000000000360e+00 1.495407751400000193e-03
4.161790000000000767e+00 1.443795701430000342e-03
4.163140000000000285e+00 1.394431253580000109e-03
4.164500000000000313e+00 1.346095499500000016e-03
4.165849999999999831e+00 1.300678350400000021e-03
4.167200000000000237e+00 1.259798733600000099e-03
4.168550000000000644e+00 1.222569018200000057e-03
4.169900000000000162e+00 1.185648516499999972e-03
4.171250000000000568e+00 1.149400451250000114e-03
4.172600000000000087e+00 1.115753240000000052e-03
4.173950000000000493e+00 1.082672542600000105e-03
4.175309999999999633e+00 1.049338909199999930e-03
4.176660000000000039e+00 1.018378301160000055e-03
4.178010000000000446e+00 9.904766526900000371e-04
4.179359999999999964e+00 9.622600257599999742e-04
4.180710000000000370e+00 9.338869998000000425e-04
4.182059999999999889e+00 9.060934837199999953e-04
4.183410000000000295e+00 8.797627561800000972e-04
4.184759999999999813e+00 8.540718531599999792e-04
4.186110000000000220e+00 8.311563266100000002e-04
4.187470000000000248e+00 8.096682618500000575e-04
4.188819999999999766e+00 7.879421749199999516e-04
4.190170000000000172e+00 7.651501830200000114e-04
4.191519999999999690e+00 7.445438891200000268e-04
4.192870000000000097e+00 7.260331763299999238e-04
4.194219999999999615e+00 7.085128077199998346e-04
4.195570000000000022e+00 6.899111396599999025e-04
4.196919999999999540e+00 6.729425466399999167e-04
4.198280000000000456e+00 6.559812500000001189e-04
4.199630000000000862e+00 6.383605585200001400e-04
4.200980000000000381e+00 6.217198341200001364e-04
4.202330000000000787e+00 6.066483588000001238e-04
4.203680000000000305e+00 5.923321414400000047e-04
4.205030000000000712e+00 5.784060815300000411e-04
4.206380000000000230e+00 5.668307369000000510e-04
4.207730000000000636e+00 5.564849156900001639e-04
4.209090000000000664e+00 5.463946001700000291e-04
4.210440000000000182e+00 5.375847687600000162e-04
4.211790000000000589e+00 5.313762735600001353e-04
4.213140000000000107e+00 5.252690163600000264e-04
4.214490000000000514e+00 5.178048848700000451e-04
4.215840000000000032e+00 5.090416008000000353e-04
4.217190000000000438e+00 5.007196202700000230e-04
4.218539999999999957e+00 4.919070752399999722e-04
4.219899999999999984e+00 4.837988752999999799e-04
4.221250000000000391e+00 4.762456462500000518e-04
4.222599999999999909e+00 4.680836551999999922e-04
4.223950000000000315e+00 4.579522111000000791e-04
4.225299999999999834e+00 4.480254601999999683e-04
4.226650000000000240e+00 4.394870670000000190e-04
4.228000000000000647e+00 4.313447880000000588e-04
4.229350000000000165e+00 4.237893287000000435e-04
