1.960500000000000131e+00 8.626200000000000534e-03
1.961000000000000076e+00 6.471300000000000142e-03
1.961500000000000021e+00 8.042150000000001381e-03
1.962000000000000188e+00 7.651800000000000268e-03
1.962500000000000133e+00 9.223750000000001045e-03
1.963000000000000078e+00 8.244599999999999498e-03
1.963500000000000023e+00 6.675899999999999369e-03
1.964000000000000190e+00 6.284800000000000976e-03
1.964500000000000135e+00 7.465100000000000555e-03
1.965000000000000080e+00 1.041450000000000015e-02
1.965500000000000025e+00 9.041300000000000378e-03
1.966000000000000192e+00 6.881000000000000831e-03
1.966500000000000137e+00 9.242550000000000418e-03
1.967000000000000082e+00 1.199870000000000103e-02
1.967500000000000027e+00 1.023100000000000051e-02
1.968000000000000194e+00 7.872000000000000525e-03
1.968500000000000139e+00 1.200785000000000220e-02
1.969000000000000083e+00 1.279849999999999911e-02
1.969500000000000028e+00 1.043835000000000075e-02
1.970000000000000195e+00 1.182000000000000065e-02
1.970500000000000140e+00 1.438465000000000056e-02
1.971000000000000085e+00 1.162890000000000104e-02
1.971500000000000030e+00 1.044895000000000025e-02
1.972000000000000197e+00 1.419840000000000164e-02
1.972500000000000142e+00 1.400475000000000157e-02
1.973000000000000087e+00 1.381100000000000036e-02
1.973500000000000032e+00 1.638005000000000017e-02
1.974000000000000199e+00 1.441020000000000148e-02
1.974500000000000144e+00 1.520365000000000084e-02
1.975000000000000089e+00 1.777499999999999913e-02
1.975500000000000034e+00 1.698929999999999885e-02
1.976000000000000201e+00 1.659839999999999927e-02
1.976500000000000146e+00 1.897439999999999891e-02
1.977000000000000091e+00 1.858380000000000101e-02
1.977500000000000036e+00 1.898399999999999740e-02
1.978000000000000203e+00 1.978000000000000244e-02
1.978500000000000147e+00 1.978500000000000050e-02
1.979000000000000092e+00 2.097740000000000021e-02
1.979500000000000037e+00 2.019090000000000121e-02
1.980000000000000204e+00 1.643400000000000069e-02
1.980500000000000149e+00 1.822059999999999999e-02
1.981000000000000094e+00 2.258340000000000347e-02
1.981500000000000039e+00 2.338169999999999832e-02
1.981999999999999984e+00 2.378399999999999959e-02
1.982500000000000151e+00 2.418650000000000314e-02
1.983000000000000096e+00 2.339940000000000075e-02
1.983500000000000041e+00 2.538880000000000303e-02
1.983999999999999986e+00 2.599040000000000031e-02
1.984500000000000153e+00 2.639384999999999995e-02
1.985000000000000098e+00 2.640050000000000036e-02
1.985500000000000043e+00 2.700280000000000041e-02
1.985999999999999988e+00 2.820120000000000265e-02
1.986500000000000155e+00 2.860560000000000186e-02
1.987000000000000099e+00 2.205570000000000100e-02
1.987500000000000044e+00 2.961375000000000118e-02
1.987999999999999989e+00 3.061520000000000213e-02
1.988500000000000156e+00 3.141830000000000317e-02
1.989000000000000101e+00 3.222180000000000183e-02
1.989500000000000046e+00 3.282675000000000176e-02
1.989999999999999991e+00 3.004899999999999932e-02
1.990500000000000158e+00 3.244514999999999899e-02
1.991000000000000103e+00 3.484250000000000541e-02
1.991500000000000048e+00 3.624530000000000113e-02
1.991999999999999993e+00 3.685199999999999587e-02
1.992500000000000160e+00 3.765825000000000422e-02
1.993000000000000105e+00 3.866420000000000273e-02
1.993500000000000050e+00 3.947130000000000083e-02
1.993999999999999995e+00 3.848420000000000313e-02
1.994500000000000162e+00 4.048834999999999934e-02
1.995000000000000107e+00 4.209450000000000691e-02
1.995500000000000052e+00 4.110729999999999940e-02
1.995999999999999996e+00 4.231519999999999726e-02
1.996500000000000163e+00 4.172685000000000283e-02
1.997000000000000108e+00 4.053910000000000152e-02
1.997500000000000053e+00 4.034949999999999648e-02
1.997999999999999998e+00 3.616380000000000289e-02
1.998500000000000165e+00 3.717209999999999959e-02
1.999000000000000110e+00 3.418290000000000217e-02
1.999500000000000055e+00 3.419145000000000517e-02
2.000000000000000000e+00 3.640000000000000180e-02
2.000500000000000167e+00 3.280820000000000264e-02
2.000999999999999890e+00 2.781389999999999557e-02
2.001500000000000057e+00 2.361769999999999842e-02
2.002000000000000224e+00 2.342340000000000394e-02
2.002499999999999947e+00 2.122649999999999884e-02
2.003000000000000114e+00 1.702550000000000244e-02
2.003500000000000281e+00 2.063605000000000300e-02
2.004000000000000004e+00 2.044080000000000202e-02
2.004500000000000171e+00 1.904275000000000065e-02
2.004999999999999893e+00 2.325799999999999743e-02
2.005500000000000060e+00 2.587095000000000020e-02
2.006000000000000227e+00 3.430260000000000253e-02
2.006499999999999950e+00 4.173520000000000008e-02
2.007000000000000117e+00 4.435470000000000385e-02
2.007500000000000284e+00 3.954775000000000651e-02
2.008000000000000007e+00 3.594320000000000154e-02
2.008500000000000174e+00 5.202015000000000111e-02
2.008999999999999897e+00 7.332849999999999091e-02
2.009500000000000064e+00 4.862989999999999674e-02
2.010000000000000231e+00 5.246100000000000763e-02
2.010499999999999954e+00 6.473809999999999287e-02
2.011000000000000121e+00 4.625300000000000245e-02
2.011500000000000288e+00 3.580470000000000180e-02
2.012000000000000011e+00 5.613480000000000553e-02
2.012500000000000178e+00 6.661374999999999935e-02
2.012999999999999901e+00 4.609769999999999840e-02
2.013500000000000068e+00 3.966594999999999843e-02
2.014000000000000234e+00 7.512220000000001396e-02
2.014499999999999957e+00 6.547124999999999473e-02
2.015000000000000124e+00 3.848649999999999988e-02
2.015500000000000291e+00 8.606185000000002305e-02
2.016000000000000014e+00 7.781760000000000066e-02
2.016500000000000181e+00 4.960590000000000832e-02
2.016999999999999904e+00 9.479899999999999438e-02
2.017500000000000071e+00 8.191049999999999720e-02
2.018000000000000238e+00 6.477779999999999649e-02
2.018499999999999961e+00 1.176785499999999929e-01
2.019000000000000128e+00 8.116380000000000816e-02
2.019500000000000295e+00 1.134959000000000107e-01
2.020000000000000018e+00 1.272600000000000120e-01
2.020500000000000185e+00 9.455940000000001566e-02
2.020999999999999908e+00 1.497561000000000031e-01
2.021500000000000075e+00 1.192684999999999995e-01
2.022000000000000242e+00 1.389114000000000182e-01
2.022499999999999964e+00 1.704967500000000025e-01
2.023000000000000131e+00 1.351364000000000176e-01
2.023500000000000298e+00 1.800915000000000155e-01
2.024000000000000021e+00 1.495736000000000010e-01
2.024500000000000188e+00 1.866589000000000165e-01
2.024999999999999911e+00 1.858950000000000047e-01
2.025500000000000078e+00 1.950556499999999971e-01
2.026000000000000245e+00 2.070572000000000246e-01
2.026499999999999968e+00 2.004208500000000115e-01
2.027000000000000135e+00 2.225646000000000013e-01
2.027500000000000302e+00 2.108600000000000196e-01
2.028000000000000025e+00 2.309892000000000056e-01
2.028500000000000192e+00 2.213093500000000158e-01
2.028999999999999915e+00 2.465234999999999788e-01
2.029500000000000082e+00 2.409016500000000227e-01
2.030000000000000249e+00 2.592310000000000447e-01
2.030499999999999972e+00 2.548277500000000195e-01
2.031000000000000139e+00 2.660610000000000475e-01
2.031500000000000306e+00 2.701895000000000824e-01
2.032000000000000028e+00 2.763520000000000421e-01
2.032500000000000195e+00 2.796720000000000317e-01
2.032999999999999918e+00 2.831969000000000292e-01
2.033500000000000085e+00 2.869268500000000111e-01
2.034000000000000252e+00 2.943198000000000203e-01
2.034499999999999975e+00 2.986646000000000023e-01
2.035000000000000142e+00 3.036220000000000030e-01
2.035500000000000309e+00 3.077676000000000300e-01
2.036000000000000032e+00 3.113044000000000366e-01
2.036500000000000199e+00 3.154538500000000356e-01
2.036999999999999922e+00 3.198090000000000099e-01
2.037500000000000089e+00 3.235549999999999815e-01
2.038000000000000256e+00 3.281180000000000763e-01
2.038499999999999979e+00 3.308485500000000190e-01
2.039000000000000146e+00 3.354155000000000331e-01
2.039500000000000313e+00 3.361096000000000639e-01
2.040000000000000036e+00 3.308880000000000154e-01
2.040500000000000203e+00 3.313771999999999829e-01
2.040999999999999925e+00 3.367649999999999810e-01
2.041500000000000092e+00 3.388890000000000513e-01
2.042000000000000259e+00 3.438728000000000340e-01
2.042499999999999982e+00 3.549865000000000381e-01
2.043000000000000149e+00 3.597723000000000448e-01
2.043500000000000316e+00 3.641517000000000781e-01
2.044000000000000039e+00 3.574956000000000245e-01
2.044500000000000206e+00 3.606498000000000204e-01
2.044999999999999929e+00 3.685089999999999755e-01
2.045500000000000096e+00 3.733037499999999898e-01
2.046000000000000263e+00 3.738042000000000309e-01
2.046499999999999986e+00 3.700071999999999806e-01
2.047000000000000153e+00 3.682553000000000631e-01
2.047500000000000320e+00 3.617932500000000662e-01
2.048000000000000043e+00 3.528704000000000285e-01
2.048500000000000210e+00 3.545953500000000314e-01
2.048999999999999932e+00 3.497642999999999724e-01
2.049500000000000099e+00 3.227962500000000068e-01
2.050000000000000266e+00 3.202100000000000501e-01
2.050499999999999989e+00 3.118810500000000485e-01
2.051000000000000156e+00 2.772952000000000194e-01
2.051499999999999879e+00 2.775679500000000077e-01
2.052000000000000046e+00 2.835863999999999607e-01
2.052500000000000213e+00 2.836555000000000049e-01
2.052999999999999936e+00 3.241687000000000318e-01
2.053500000000000103e+00 3.359525999999999901e-01
2.054000000000000270e+00 3.177538000000000307e-01
2.054499999999999993e+00 2.775629499999999750e-01
2.055000000000000160e+00 2.468055000000000110e-01
2.055499999999999883e+00 2.400824000000000014e-01
2.056000000000000050e+00 3.065496000000000332e-01
2.056500000000000217e+00 3.335643000000000358e-01
2.056999999999999940e+00 3.303541999999999867e-01
2.057500000000000107e+00 2.680922500000000319e-01
2.058000000000000274e+00 2.675400000000000555e-01
2.058499999999999996e+00 3.466513999999999984e-01
2.059000000000000163e+00 3.767970000000000486e-01
2.059499999999999886e+00 3.558816000000000201e-01
2.060000000000000053e+00 3.524660000000000015e-01
2.060500000000000220e+00 4.108637000000000539e-01
2.060999999999999943e+00 3.301722000000000268e-01
2.061500000000000110e+00 3.420028500000000249e-01
2.062000000000000277e+00 3.884808000000000705e-01
2.062500000000000000e+00 3.355687500000000267e-01
2.063000000000000167e+00 2.520986000000000060e-01
2.063499999999999890e+00 3.470806999999999642e-01
2.064000000000000057e+00 3.744096000000000091e-01
2.064500000000000224e+00 2.708624000000000587e-01
2.064999999999999947e+00 3.008704999999999852e-01
2.065500000000000114e+00 3.856288500000000230e-01
2.066000000000000281e+00 3.204366000000000159e-01
2.066500000000000004e+00 2.816639499999999963e-01
2.067000000000000171e+00 3.850821000000000383e-01
2.067499999999999893e+00 3.611922499999999925e-01
2.068000000000000060e+00 2.868315999999999644e-01
2.068500000000000227e+00 3.903259500000000326e-01
2.068999999999999950e+00 3.780063000000000173e-01
2.069500000000000117e+00 3.052512499999999740e-01
2.070000000000000284e+00 4.015800000000000480e-01
2.070500000000000007e+00 3.789015000000000022e-01
2.071000000000000174e+00 3.294961000000000140e-01
2.071499999999999897e+00 4.099498499999999490e-01
2.072000000000000064e+00 3.642576000000000147e-01
2.072500000000000231e+00 3.759515000000000495e-01
2.072999999999999954e+00 4.224774000000000029e-01
2.073500000000000121e+00 3.641066000000000580e-01
2.074000000000000288e+00 4.073336000000000179e-01
2.074500000000000011e+00 4.070169000000000148e-01
2.075000000000000178e+00 3.654075000000000517e-01
2.075499999999999901e+00 4.242322000000000037e-01
2.076000000000000068e+00 4.064808000000000310e-01
2.076500000000000234e+00 4.204912500000000941e-01
2.076999999999999957e+00 4.249542000000000042e-01
2.077500000000000124e+00 4.086442500000000422e-01
2.078000000000000291e+00 4.326396000000000686e-01
2.078500000000000014e+00 4.267160500000000134e-01
2.079000000000000181e+00 4.388769000000000697e-01
2.079499999999999904e+00 4.437652999999999737e-01
2.080000000000000071e+00 4.347199999999999953e-01
2.080500000000000238e+00 4.454350500000000546e-01
2.080999999999999961e+00 4.382585999999999982e-01
2.081500000000000128e+00 4.410698500000000410e-01
2.082000000000000295e+00 4.363872000000000861e-01
2.082500000000000018e+00 4.373249999999999638e-01
2.083000000000000185e+00 4.378466000000000302e-01
2.083499999999999908e+00 4.367016000000000231e-01
2.084000000000000075e+00 4.361812000000000467e-01
2.084500000000000242e+00 4.392041500000000709e-01
2.084999999999999964e+00 4.355565000000000131e-01
2.085500000000000131e+00 4.358695000000000208e-01
2.086000000000000298e+00 4.443180000000000462e-01
2.086500000000000021e+00 4.473456000000000099e-01
2.087000000000000188e+00 4.395222000000000850e-01
2.087499999999999911e+00 4.498562499999999575e-01
2.088000000000000078e+00 4.512167999999999735e-01
2.088500000000000245e+00 4.415089000000000374e-01
2.088999999999999968e+00 4.537307999999999897e-01
2.089500000000000135e+00 4.517499000000000375e-01
2.090000000000000302e+00 4.416170000000000373e-01
2.090500000000000025e+00 4.569832999999999812e-01
2.091000000000000192e+00 4.520742000000000371e-01
2.091499999999999915e+00 4.532280499999999934e-01
2.092000000000000082e+00 4.589848000000000261e-01
2.092500000000000249e+00 4.519800000000000484e-01
2.092999999999999972e+00 4.596227999999999980e-01
2.093500000000000139e+00 4.584765000000000090e-01
2.094000000000000306e+00 4.504194000000000808e-01
2.094500000000000028e+00 4.618372500000000325e-01
2.095000000000000195e+00 4.598525000000000529e-01
2.095499999999999918e+00 4.622672999999999366e-01
2.096000000000000085e+00 4.621680000000000232e-01
2.096500000000000252e+00 4.633265000000000855e-01
2.096999999999999975e+00 4.642758000000000163e-01
2.097500000000000142e+00 4.643865000000000354e-01
2.098000000000000309e+00 4.642874000000000723e-01
2.098500000000000032e+00 4.583124000000000087e-01
2.099000000000000199e+00 4.598909000000000469e-01
2.099499999999999922e+00 4.669287999999999772e-01
2.100000000000000089e+00 4.659900000000000153e-01
2.100500000000000256e+00 4.610597500000000459e-01
2.100999999999999979e+00 4.655815999999999844e-01
2.101500000000000146e+00 4.619097000000000341e-01
2.102000000000000313e+00 4.647522000000000597e-01
2.102500000000000036e+00 4.667550000000000310e-01
2.103000000000000203e+00 4.670763000000000553e-01
2.103499999999999925e+00 4.692908499999999816e-01
2.104000000000000092e+00 4.696128000000000524e-01
2.104500000000000259e+00 4.686721500000000651e-01
2.104999999999999982e+00 4.675205000000000055e-01
2.105500000000000149e+00 4.693159499999999817e-01
2.106000000000000316e+00 4.698486000000000606e-01
2.106500000000000039e+00 4.691175500000000498e-01
2.107000000000000206e+00 4.694396000000000679e-01
2.107499999999999929e+00 4.682864999999999944e-01
2.108000000000000096e+00 4.692408000000000134e-01
2.108500000000000263e+00 4.695629500000000900e-01
2.108999999999999986e+00 4.679870999999999892e-01
2.109500000000000153e+00 4.683090000000000308e-01
2.110000000000000320e+00 4.682090000000000418e-01
2.110500000000000043e+00 4.691641500000000020e-01
2.111000000000000210e+00 4.686420000000000585e-01
2.111499999999999932e+00 4.710756499999999569e-01
2.112000000000000099e+00 4.669632000000000227e-01
2.112500000000000266e+00 4.681300000000000461e-01
2.112999999999999989e+00 4.737346000000000057e-01
2.113500000000000156e+00 4.734240000000000670e-01
2.114000000000000323e+00 4.720562000000000924e-01
2.114500000000000046e+00 4.747052500000000230e-01
2.115000000000000213e+00 4.735485000000000388e-01
2.115499999999999936e+00 4.728142499999999915e-01
2.116000000000000103e+00 4.741955999999999949e-01
2.116500000000000270e+00 4.732494000000000423e-01
2.116999999999999993e+00 4.735729000000000188e-01
2.117500000000000160e+00 4.749552500000000510e-01
2.117999999999999883e+00 4.742201999999999251e-01
2.118500000000000050e+00 4.603500500000000106e-01
2.119000000000000217e+00 4.750798000000000521e-01
2.119499999999999940e+00 4.743440999999999907e-01
2.120000000000000107e+00 4.731840000000000490e-01
2.120500000000000274e+00 4.741438000000000597e-01
2.120999999999999996e+00 4.759523999999999977e-01
2.121500000000000163e+00 4.756403000000000714e-01
2.121999999999999886e+00 4.768133999999999983e-01
2.122500000000000053e+00 4.771380000000000066e-01
2.123000000000000220e+00 4.774627000000000177e-01
2.123499999999999943e+00 4.777874999999999761e-01
2.124000000000000110e+00 4.779000000000000470e-01
2.124500000000000277e+00 4.697269500000000320e-01
2.125000000000000000e+00 4.779124999999999623e-01
2.125500000000000167e+00 4.793002500000000388e-01
2.125999999999999890e+00 4.798381999999999925e-01
2.126500000000000057e+00 4.801637000000000266e-01
2.127000000000000224e+00 4.804893000000000081e-01
2.127499999999999947e+00 4.774109999999999743e-01
2.128000000000000114e+00 4.747568000000000343e-01
2.128500000000000281e+00 4.812538500000000385e-01
2.129000000000000004e+00 4.813668999999999865e-01
2.129500000000000171e+00 4.816929000000000904e-01
2.129999999999999893e+00 4.820189999999999753e-01
2.130500000000000060e+00 4.823451999999999740e-01
2.131000000000000227e+00 4.828846000000000527e-01
2.131499999999999950e+00 4.829978999999999800e-01
2.132000000000000117e+00 4.833244000000000429e-01
2.132500000000000284e+00 4.834377500000001104e-01
2.133000000000000007e+00 4.837643999999999833e-01
2.133500000000000174e+00 4.840911500000000256e-01
2.133999999999999897e+00 4.844180000000000152e-01
2.134500000000000064e+00 4.847449500000000078e-01
2.135000000000000231e+00 4.848585000000000256e-01
2.135499999999999954e+00 4.849720499999999879e-01
2.136000000000000121e+00 4.823088000000000375e-01
2.136500000000000288e+00 4.856264500000000428e-01
2.137000000000000011e+00 4.859537999999999913e-01
2.137500000000000178e+00 4.862812500000000537e-01
2.137999999999999901e+00 4.866087999999999525e-01
2.138500000000000068e+00 4.867226000000000052e-01
2.139000000000000234e+00 4.868364000000000580e-01
2.139499999999999957e+00 4.871641500000000180e-01
2.140000000000000124e+00 4.874920000000000364e-01
2.140500000000000291e+00 4.878199500000000577e-01
2.141000000000000014e+00 4.879338999999999760e-01
2.141500000000000181e+00 4.882620000000000848e-01
2.141999999999999904e+00 4.885901999999999745e-01
2.142500000000000071e+00 4.887042500000000067e-01
2.143000000000000238e+00 4.873182000000000347e-01
2.143499999999999961e+00 4.887179999999999858e-01
2.144000000000000128e+00 4.894752000000000547e-01
2.144500000000000295e+00 4.893749000000000571e-01
2.145000000000000018e+00 4.899179999999999646e-01
2.145500000000000185e+00 4.902467500000000644e-01
2.145999999999999908e+00 4.901463999999999821e-01
2.146500000000000075e+00 4.904752500000000293e-01
2.147000000000000242e+00 4.903748000000000551e-01
2.147499999999999964e+00 4.898447499999999954e-01
2.148000000000000131e+00 4.897440000000000682e-01
2.148500000000000298e+00 4.907174000000000258e-01
2.149000000000000021e+00 4.886825999999999670e-01
2.149500000000000188e+00 4.894411500000000470e-01
2.149999999999999911e+00 4.889099999999999557e-01
2.150500000000000078e+00 4.907440999999999609e-01
2.151000000000000245e+00 4.902129000000000625e-01
2.151499999999999968e+00 4.836572000000000093e-01
2.152000000000000135e+00 4.880736000000000518e-01
2.152500000000000302e+00 4.888327500000000381e-01
2.153000000000000025e+00 4.865780000000000105e-01
2.153500000000000192e+00 4.899212500000000858e-01
2.153999999999999915e+00 4.917581999999999787e-01
2.154500000000000082e+00 4.920878000000000196e-01
2.155000000000000249e+00 4.900470000000000104e-01
2.155499999999999972e+00 4.901606999999999492e-01
2.156000000000000139e+00 4.941552000000000167e-01
2.156500000000000306e+00 4.927602500000000663e-01
2.157000000000000028e+00 4.939530000000000309e-01
2.157500000000000195e+00 4.934202500000000047e-01
2.157999999999999918e+00 4.939661999999999664e-01
2.158500000000000085e+00 4.945123499999999894e-01
2.159000000000000252e+00 4.887976000000000543e-01
2.159499999999999975e+00 4.943095499999999864e-01
2.160000000000000142e+00 4.916160000000000529e-01
2.160500000000000309e+00 4.951866000000000323e-01
2.161000000000000032e+00 4.838478999999999974e-01
2.161500000000000199e+00 4.900120500000000878e-01
2.161999999999999922e+00 4.950979999999999825e-01
2.162500000000000089e+00 4.928337500000000149e-01
2.163000000000000256e+00 4.946781000000000095e-01
2.163499999999999979e+00 4.673160000000000092e-01
2.164000000000000146e+00 4.951232000000000411e-01
2.164500000000000313e+00 4.961034000000000277e-01
2.165000000000000036e+00 4.951355000000000062e-01
2.165500000000000203e+00 4.950333000000000649e-01
2.165999999999999925e+00 4.955807999999999880e-01
2.166500000000000092e+00 4.941786499999999971e-01
2.167000000000000259e+00 4.858414000000000899e-01
2.167499999999999982e+00 4.952737500000000126e-01
2.168000000000000149e+00 4.945208000000000381e-01
2.168500000000000316e+00 4.885630500000000542e-01
2.169000000000000039e+00 4.940981999999999874e-01
2.169500000000000206e+00 4.968155000000000765e-01
2.169999999999999929e+00 4.969299999999999828e-01
2.170500000000000096e+00 4.950910500000000325e-01
2.171000000000000263e+00 4.973761000000000432e-01
2.171499999999999986e+00 4.974906499999999787e-01
2.172000000000000153e+00 4.973880000000000523e-01
2.172500000000000320e+00 4.807742500000000696e-01
2.173000000000000043e+00 4.908807000000000031e-01
2.173500000000000210e+00 4.975141500000000438e-01
2.173999999999999932e+00 4.961067999999999589e-01
2.174500000000000099e+00 4.888276000000000288e-01
2.175000000000000266e+00 4.952475000000000627e-01
2.175499999999999989e+00 4.966666499999999873e-01
2.176000000000000156e+00 4.954752000000000600e-01
2.176500000000000323e+00 4.940655000000001018e-01
2.177000000000000046e+00 4.980976000000000292e-01
2.177500000000000213e+00 4.982120000000000437e-01
2.177999999999999936e+00 4.963661999999999797e-01
2.178500000000000103e+00 4.709917000000000131e-01
2.179000000000000270e+00 4.963762000000000452e-01
2.179499999999999993e+00 4.921310999999999880e-01
2.180000000000000160e+00 4.981300000000000727e-01
2.180499999999999883e+00 4.982442499999999996e-01
2.181000000000000050e+00 4.983585000000000376e-01
2.181500000000000217e+00 4.984727500000000755e-01
2.181999999999999940e+00 4.985870000000000024e-01
2.182500000000000107e+00 4.978282500000000277e-01
2.183000000000000274e+00 4.951044000000000556e-01
2.183499999999999996e+00 4.801516500000000409e-01
2.184000000000000163e+00 4.839744000000000268e-01
2.184499999999999886e+00 4.945707999999999771e-01
2.185000000000000053e+00 4.743634999999999935e-01
2.185500000000000220e+00 4.972012500000000945e-01
2.185999999999999943e+00 4.986265999999999754e-01
2.186500000000000110e+00 4.987406500000000076e-01
2.187000000000000277e+00 4.951368000000000436e-01
2.187500000000000000e+00 4.972187499999999871e-01
2.188000000000000167e+00 4.955820000000000780e-01
2.188499999999999890e+00 4.972271999999999803e-01
2.189000000000000057e+00 4.990920000000000356e-01
2.189500000000000224e+00 4.928564500000000570e-01
2.189999999999999947e+00 4.986630000000000229e-01
2.190500000000000114e+00 4.902339000000000002e-01
2.191000000000000281e+00 4.991098000000000479e-01
2.191500000000000004e+00 4.994428499999999937e-01
2.192000000000000171e+00 4.995568000000000231e-01
2.192499999999999893e+00 4.994514999999999927e-01
2.193000000000000060e+00 4.995653999999999928e-01
2.193500000000000227e+00 4.996793000000000484e-01
2.193999999999999950e+00 4.997931999999999930e-01
2.194500000000000117e+00 4.935430499999999832e-01
2.195000000000000284e+00 4.835585000000000577e-01
2.195500000000000007e+00 4.996957999999999678e-01
2.196000000000000174e+00 5.000292000000000625e-01
2.196499999999999897e+00 4.981662000000000035e-01
2.197000000000000064e+00 5.000371999999999595e-01
2.197500000000000231e+00 4.986127500000000490e-01
2.197999999999999954e+00 4.963083999999999829e-01
2.198500000000000121e+00 4.856486500000000706e-01
2.199000000000000288e+00 4.914765000000000938e-01
2.199500000000000011e+00 4.739922500000000039e-01
2.200000000000000178e+00 4.547400000000000331e-01
2.200499999999999901e+00 4.456012500000000043e-01
2.201000000000000068e+00 4.950048999999999699e-01
2.201500000000000234e+00 4.907143500000000214e-01
2.201999999999999957e+00 4.862015999999999560e-01
2.202500000000000124e+00 4.858715000000000117e-01
2.203000000000000291e+00 4.914893000000000733e-01
2.203500000000000014e+00 4.984317000000000331e-01
2.204000000000000181e+00 4.959000000000000630e-01
2.204499999999999904e+00 4.933671000000000029e-01
2.205000000000000071e+00 4.782645000000000368e-01
2.205500000000000238e+00 4.975608000000000253e-01
2.205999999999999961e+00 4.994383999999999491e-01
2.206500000000000128e+00 5.021994000000000735e-01
2.207000000000000295e+00 5.023132000000000152e-01
2.207500000000000018e+00 5.008817500000000145e-01
2.208000000000000185e+00 5.036448000000000036e-01
2.208499999999999908e+00 5.044213999999999087e-01
2.209000000000000075e+00 5.047565000000000524e-01
2.209500000000000242e+00 5.048707500000000348e-01
2.209999999999999964e+00 5.052059999999999329e-01
2.210500000000000131e+00 5.037729499999999971e-01
2.211000000000000298e+00 5.010126000000000301e-01
2.211500000000000021e+00 5.046642999999999546e-01
2.212000000000000188e+00 5.063268000000000768e-01
2.212499999999999911e+00 5.066625000000000156e-01
2.213000000000000078e+00 5.069983000000000128e-01
2.213500000000000245e+00 5.073342000000000684e-01
2.213999999999999968e+00 5.067846000000000295e-01
2.214500000000000135e+00 5.071205000000000851e-01
2.215000000000000302e+00 5.045770000000000532e-01
2.215500000000000025e+00 5.082356999999999569e-01
2.216000000000000192e+00 4.968272000000000799e-01
2.216499999999999915e+00 4.836402999999999675e-01
2.217000000000000082e+00 5.074712999999999585e-01
2.217500000000000249e+00 5.091380000000000905e-01
2.217999999999999972e+00 5.083655999999999731e-01
2.218500000000000139e+00 5.080365000000000020e-01
2.219000000000000306e+00 5.105919000000000985e-01
2.219500000000000028e+00 5.111508500000000454e-01
2.220000000000000195e+00 5.108219999999999983e-01
2.220499999999999918e+00 5.084944999999999604e-01
2.221000000000000085e+00 5.101636999999999977e-01
2.221500000000000252e+00 4.822876500000000122e-01
2.221999999999999975e+00 5.003944000000000170e-01
2.222500000000000142e+00 5.122862500000000541e-01
2.223000000000000309e+00 5.124015000000000652e-01
2.223500000000000032e+00 5.129614499999999300e-01
2.224000000000000199e+00 5.112976000000000187e-01
2.224499999999999922e+00 5.131921499999999581e-01
2.225000000000000089e+00 5.135300000000000420e-01
2.225500000000000256e+00 5.140905000000001168e-01
2.225999999999999979e+00 5.124251999999999141e-01
2.226500000000000146e+00 5.000719000000000136e-01
2.227000000000000313e+00 5.048609000000000568e-01
2.227500000000000036e+00 5.125477499999999687e-01
2.228000000000000203e+00 5.153364000000000278e-01
2.228499999999999925e+00 5.158977500000000438e-01
2.229000000000000092e+00 5.166821999999999804e-01
2.229500000000000259e+00 5.183587500000000903e-01
2.229999999999999982e+00 5.191440000000000499e-01
2.230500000000000149e+00 5.179221000000000519e-01
2.231000000000000316e+00 5.166996000000000366e-01
2.231500000000000039e+00 4.982939499999999855e-01
2.232000000000000206e+00 5.162616000000000982e-01
2.232499999999999929e+00 4.942755000000000343e-01
2.233000000000000096e+00 5.171628000000000336e-01
2.233500000000000263e+00 5.123649000000000120e-01
2.233999999999999986e+00 5.207454000000000249e-01
2.234500000000000153e+00 5.199681499999999623e-01
2.235000000000000320e+00 5.212020000000000541e-01
2.235500000000000043e+00 5.233305500000000610e-01
2.236000000000000210e+00 5.165160000000000862e-01
2.236499999999999932e+00 5.076855000000000118e-01
2.237000000000000099e+00 5.221158000000000188e-01
2.237500000000000266e+00 5.097025000000000583e-01
2.237999999999999989e+00 5.109354000000000395e-01
2.238500000000000156e+00 5.264952000000000520e-01
2.239000000000000323e+00 5.279562000000000976e-01
2.239500000000000046e+00 5.258346000000000409e-01
2.240000000000000213e+00 5.275199999999999889e-01
2.240499999999999936e+00 5.171073999999999948e-01
2.241000000000000103e+00 5.241698999999999664e-01
2.241500000000000270e+00 5.079239000000000948e-01
2.241999999999999993e+00 5.311297999999999853e-01
2.242500000000000160e+00 5.251934999999999798e-01
2.243000000000000327e+00 5.244134000000001405e-01
2.243500000000000050e+00 5.263250999999999902e-01
2.244000000000000217e+00 5.073684000000000527e-01
2.244499999999999940e+00 5.267841500000000066e-01
2.245000000000000107e+00 5.334119999999999973e-01
2.245500000000000274e+00 5.328571500000001127e-01
2.245999999999999996e+00 5.127618000000000453e-01
2.246500000000000163e+00 5.207386999999999988e-01
2.246999999999999886e+00 5.082714000000000398e-01
2.247500000000000053e+00 5.191725000000000367e-01
2.248000000000000220e+00 5.339000000000000412e-01
2.248499999999999943e+00 5.358175499999999758e-01
2.249000000000000110e+00 5.323383000000000420e-01
2.249500000000000277e+00 5.313319000000000791e-01
2.250000000000000000e+00 5.309999999999999165e-01
2.250500000000000167e+00 5.198655000000000914e-01
2.250999999999999890e+00 5.276343999999999479e-01
2.251500000000000057e+00 5.345060999999999840e-01
2.252000000000000224e+00 5.348500000000000476e-01
2.252499999999999947e+00 5.268597499999999600e-01
2.253000000000000114e+00 5.283284999999999787e-01
2.253500000000000281e+00 5.241641000000000217e-01
2.254000000000000004e+00 5.017403999999999753e-01
2.254500000000000171e+00 5.280038999999999705e-01
2.254999999999999893e+00 5.351114999999999622e-01
2.255500000000000060e+00 5.183138999999999941e-01
2.256000000000000227e+00 5.127888000000000446e-01
2.256499999999999950e+00 5.232823500000000072e-01
2.257000000000000117e+00 5.008283000000000040e-01
2.257500000000000284e+00 5.314155000000000406e-01
2.258000000000000007e+00 5.281462000000000101e-01
2.258500000000000174e+00 5.192291500000000282e-01
2.258999999999999897e+00 5.371901999999999511e-01
2.259500000000000064e+00 5.352755500000000444e-01
2.260000000000000231e+00 5.238680000000001113e-01
2.260499999999999954e+00 5.318956500000000531e-01
2.261000000000000121e+00 4.863411000000000817e-01
2.261500000000000288e+00 5.129082000000000363e-01
2.262000000000000011e+00 5.037474000000000673e-01
2.262500000000000178e+00 5.022750000000000270e-01
2.262999999999999901e+00 5.406307000000000196e-01
2.263500000000000068e+00 5.153989500000000223e-01
2.264000000000000234e+00 5.261535999999999991e-01
2.264499999999999957e+00 5.192498500000000128e-01
2.265000000000000124e+00 5.093984999999999763e-01
2.265500000000000291e+00 5.366969500000000615e-01
2.266000000000000014e+00 5.377218000000000275e-01
2.266500000000000181e+00 5.378404500000000255e-01
2.266999999999999904e+00 5.322915999999999759e-01
2.267500000000000071e+00 5.212982499999999630e-01
2.268000000000000238e+00 5.182380000000000875e-01
2.268499999999999961e+00 4.840979000000000254e-01
2.269000000000000128e+00 5.019028000000000933e-01
2.269500000000000295e+00 5.317438500000001289e-01
2.270000000000000018e+00 5.309530000000000083e-01
2.270500000000000185e+00 4.877034000000000091e-01
2.270999999999999908e+00 5.334578999999999294e-01
2.271500000000000075e+00 5.190377500000000754e-01
2.272000000000000242e+00 5.221056000000000585e-01
2.272499999999999964e+00 4.797247500000000331e-01
2.273000000000000131e+00 5.307455000000000922e-01
2.273500000000000298e+00 5.190400500000000861e-01
2.274000000000000021e+00 5.327981999999999996e-01
2.274500000000000188e+00 5.288212500000000205e-01
2.274999999999999911e+00 5.148325000000000262e-01
2.275500000000000078e+00 4.439500499999999850e-01
2.276000000000000245e+00 4.715872000000000397e-01
2.276499999999999968e+00 4.889921999999999880e-01
2.277000000000000135e+00 5.057217000000000517e-01
2.277500000000000302e+00 5.185867500000000963e-01
2.278000000000000025e+00 5.184727999999999559e-01
2.278500000000000192e+00 5.233714499999999603e-01
2.278999999999999915e+00 5.246257999999999200e-01
2.279500000000000082e+00 5.258806499999999495e-01
2.280000000000000249e+00 5.248559999999999892e-01
2.280499999999999972e+00 4.982892500000000169e-01
2.281000000000000139e+00 4.849406000000000549e-01
2.281500000000000306e+00 5.126530500000000545e-01
2.282000000000000028e+00 5.173294000000000503e-01
2.282500000000000195e+00 5.023782500000000262e-01
2.282999999999999918e+00 4.193871000000000127e-01
2.283500000000000085e+00 5.176694500000000865e-01
2.284000000000000252e+00 4.405836000000000197e-01
2.284499999999999975e+00 5.146978500000000123e-01
2.285000000000000142e+00 5.027000000000000357e-01
2.285500000000000309e+00 4.721843000000000568e-01
2.286000000000000032e+00 5.145785999999999971e-01
2.286500000000000199e+00 5.076030000000000264e-01
2.286999999999999922e+00 5.063418000000000641e-01
2.287500000000000089e+00 5.048512500000000847e-01
2.288000000000000256e+00 5.088512000000000590e-01
2.288499999999999979e+00 5.046142500000000419e-01
2.289000000000000146e+00 5.063268000000000768e-01
2.289500000000000313e+00 4.439340500000000245e-01
2.290000000000000036e+00 4.243369999999999642e-01
2.290500000000000203e+00 4.974966000000000665e-01
2.290999999999999925e+00 4.879830000000000001e-01
2.291500000000000092e+00 4.970263500000000612e-01
2.292000000000000259e+00 5.003435999999999995e-01
2.292499999999999982e+00 4.527687499999999976e-01
2.293000000000000149e+00 4.996447000000000527e-01
2.293500000000000316e+00 4.914970500000000464e-01
2.294000000000000039e+00 4.702699999999999658e-01
2.294500000000000206e+00 4.921702500000000313e-01
2.294999999999999929e+00 4.486725000000000296e-01
2.295500000000000096e+00 4.767753499999999867e-01
2.296000000000000263e+00 4.624144000000000587e-01
2.296499999999999986e+00 4.850207999999999742e-01
2.297000000000000153e+00 4.933955999999999897e-01
2.297500000000000320e+00 4.960302500000000614e-01
2.298000000000000043e+00 4.772946000000000133e-01
2.298500000000000210e+00 4.261419000000000734e-01
2.298999999999999932e+00 4.609495000000000120e-01
2.299500000000000099e+00 4.578304499999999999e-01
2.300000000000000266e+00 4.517200000000000104e-01
2.300499999999999989e+00 4.529684499999999669e-01
2.301000000000000156e+00 4.613505000000000522e-01
2.301500000000000323e+00 4.874577000000000493e-01
2.302000000000000046e+00 4.760536000000000212e-01
2.302500000000000213e+00 4.724730000000000318e-01
2.302999999999999936e+00 4.808664000000000271e-01
2.303500000000000103e+00 4.468790000000000262e-01
2.304000000000000270e+00 4.571136000000000643e-01
2.304499999999999993e+00 4.228757499999999947e-01
2.305000000000000160e+00 4.658405000000000462e-01
2.305500000000000327e+00 4.523391000000001050e-01
2.306000000000000050e+00 4.669650000000000190e-01
2.306500000000000217e+00 4.608387000000000455e-01
2.306999999999999940e+00 4.770876000000000006e-01
2.307500000000000107e+00 4.026587500000000097e-01
2.308000000000000274e+00 4.761404000000000747e-01
2.308499999999999996e+00 4.822456500000000257e-01
2.309000000000000163e+00 4.717287000000000563e-01
2.309500000000000330e+00 4.692904000000000519e-01
2.310000000000000053e+00 4.740119999999999889e-01
2.310500000000000220e+00 4.879776000000000669e-01
2.310999999999999943e+00 4.887764999999999471e-01
2.311500000000000110e+00 4.879576500000000205e-01
2.312000000000000277e+00 4.755784000000000677e-01
2.312500000000000000e+00 4.860875000000000057e-01
2.313000000000000167e+00 4.889682000000000195e-01
2.313499999999999890e+00 4.893052499999999694e-01
2.314000000000000057e+00 4.894109999999999849e-01
2.314500000000000224e+00 4.895167500000000560e-01
2.314999999999999947e+00 4.882334999999999869e-01
2.315500000000000114e+00 4.876443000000000305e-01
2.316000000000000281e+00 4.476828000000000474e-01
2.316500000000000004e+00 4.276258999999999477e-01
2.317000000000000171e+00 3.389771000000000312e-01
2.317499999999999893e+00 4.127467499999999956e-01
2.318000000000000060e+00 4.079679999999999973e-01
2.318500000000000227e+00 4.187211000000000682e-01
2.318999999999999950e+00 4.635680999999999830e-01
2.319500000000000117e+00 4.536941999999999919e-01
2.320000000000000284e+00 4.646960000000000535e-01
2.320500000000000007e+00 4.745422499999999988e-01
2.321000000000000174e+00 4.700025000000000452e-01
2.321499999999999897e+00 4.786932999999999883e-01
2.322000000000000064e+00 4.567374000000000711e-01
2.322500000000000231e+00 4.672870000000000079e-01
2.322999999999999954e+00 4.783057000000000003e-01
2.323500000000000121e+00 4.904908500000000338e-01
2.324000000000000288e+00 4.796736000000000333e-01
2.324500000000000011e+00 4.960482999999999976e-01
2.325000000000000178e+00 4.938300000000000467e-01
2.325499999999999901e+00 4.541701499999999947e-01
2.326000000000000068e+00 4.991596000000000366e-01
2.326500000000000234e+00 4.773978000000000388e-01
2.326999999999999957e+00 5.005376999999999743e-01
2.327500000000000124e+00 5.027400000000000757e-01
2.328000000000000291e+00 5.051760000000000694e-01
2.328500000000000014e+00 4.126101999999999825e-01
2.329000000000000181e+00 4.904874000000000733e-01
2.329499999999999904e+00 4.912915499999999658e-01
2.330000000000000071e+00 5.088719999999999910e-01
2.330500000000000238e+00 5.092142500000000904e-01
2.330999999999999961e+00 4.885776000000000008e-01
2.331500000000000128e+00 4.903144500000000128e-01
2.332000000000000295e+00 4.857556000000000651e-01
2.332500000000000018e+00 4.996214999999999962e-01
2.333000000000000185e+00 5.062610000000000721e-01
2.333499999999999908e+00 5.105697999999999626e-01
2.334000000000000075e+00 4.833714000000000066e-01
2.334500000000000242e+00 5.016840500000000480e-01
2.334999999999999964e+00 4.838119999999999643e-01
2.335500000000000131e+00 5.140435500000000157e-01
2.336000000000000298e+00 4.781792000000000264e-01
2.336500000000000021e+00 5.147309500000000204e-01
2.337000000000000188e+00 5.195151000000000074e-01
2.337499999999999911e+00 5.158862499999999907e-01
2.338000000000000078e+00 5.061769999999999881e-01
2.338500000000000245e+00 4.861741500000000271e-01
2.338999999999999968e+00 5.077968999999999955e-01
2.339500000000000135e+00 5.001851000000000491e-01
2.340000000000000302e+00 4.406220000000000692e-01
2.340500000000000025e+00 4.793344000000000493e-01
2.341000000000000192e+00 4.841188000000000713e-01
2.341499999999999915e+00 4.921832999999999902e-01
2.342000000000000082e+00 5.028274000000000354e-01
2.342500000000000249e+00 5.139445000000001373e-01
2.342999999999999972e+00 5.215518000000000098e-01
2.343500000000000139e+00 5.017433500000000324e-01
2.344000000000000306e+00 5.210712000000000677e-01
2.344500000000000028e+00 5.176655999999999480e-01
2.345000000000000195e+00 4.938570000000000459e-01
2.345499999999999918e+00 5.019369999999999665e-01
2.346000000000000085e+00 5.144777999999999851e-01
2.346500000000000252e+00 4.962847500000000522e-01
2.346999999999999975e+00 5.097684000000000104e-01
2.347500000000000142e+00 4.819417500000000576e-01
2.348000000000000309e+00 4.646692000000000600e-01
2.348500000000000032e+00 4.852001000000000230e-01
2.349000000000000199e+00 5.205384000000000677e-01
2.349499999999999922e+00 5.133657499999999541e-01
2.350000000000000089e+00 5.132400000000000295e-01
2.350500000000000256e+00 4.550568000000000390e-01
2.350999999999999979e+00 4.250607999999999609e-01
2.351500000000000146e+00 5.083943000000000767e-01
2.352000000000000313e+00 4.955664000000000735e-01
2.352500000000000036e+00 4.389764999999999917e-01
2.353000000000000203e+00 5.193071000000000215e-01
2.353499999999999925e+00 4.452822000000000169e-01
2.354000000000000092e+00 5.289438000000000750e-01
2.354500000000000259e+00 5.104556000000000093e-01
2.354999999999999982e+00 5.037344999999999740e-01
2.355500000000000149e+00 5.153834000000000470e-01
2.356000000000000316e+00 3.892112000000000904e-01
2.356500000000000039e+00 5.111248500000000750e-01
2.357000000000000206e+00 5.109976000000000518e-01
2.357499999999999929e+00 5.070982499999999726e-01
2.358000000000000096e+00 4.928219999999999823e-01
2.358500000000000263e+00 4.287753000000000259e-01
2.358999999999999986e+00 4.170712000000000308e-01
2.359500000000000153e+00 5.103598500000000593e-01
2.360000000000000320e+00 5.059840000000001003e-01
2.360500000000000043e+00 5.023143999999999387e-01
2.361000000000000210e+00 4.993515000000000037e-01
2.361499999999999932e+00 4.319183500000000064e-01
2.362000000000000099e+00 4.780688000000000160e-01
2.362500000000000266e+00 4.876200000000000534e-01
2.362999999999999989e+00 4.841787000000000174e-01
2.363500000000000156e+00 4.774270000000000458e-01
2.364000000000000323e+00 4.297752000000000239e-01
2.364500000000000046e+00 4.258464500000000430e-01
2.365000000000000213e+00 4.640130000000000643e-01
2.365499999999999936e+00 4.617456000000000338e-01
2.366000000000000103e+00 4.493034000000000749e-01
2.366500000000000270e+00 4.437187500000000506e-01
2.366999999999999993e+00 4.390784999999999827e-01
2.367500000000000160e+00 3.603335000000000288e-01
2.368000000000000327e+00 4.233984000000000081e-01
2.368500000000000050e+00 4.194613500000000106e-01
2.369000000000000217e+00 3.878053000000000750e-01
2.369499999999999940e+00 4.186906499999999975e-01
2.370000000000000107e+00 3.592920000000000558e-01
2.370500000000000274e+00 2.216417500000000262e-01
2.370999999999999996e+00 2.992201999999999917e-01
2.371500000000000163e+00 2.777026499999999953e-01
2.372000000000000330e+00 3.418052000000000867e-01
2.372500000000000053e+00 3.371322500000000222e-01
2.373000000000000220e+00 3.542889000000000177e-01
2.373499999999999943e+00 3.567370499999999445e-01
2.374000000000000110e+00 3.682073999999999625e-01
2.374500000000000277e+00 3.590244000000000213e-01
2.375000000000000000e+00 3.460374999999999979e-01
2.375500000000000167e+00 3.489609500000000475e-01
2.376000000000000334e+00 3.433320000000000261e-01
2.376500000000000057e+00 3.094203000000000370e-01
2.377000000000000224e+00 2.985512000000000166e-01
2.377499999999999947e+00 3.233400000000000163e-01
2.378000000000000114e+00 2.998658000000000157e-01
2.378500000000000281e+00 3.082536000000000165e-01
2.379000000000000004e+00 3.187860000000000138e-01
2.379500000000000171e+00 3.107627000000000028e-01
2.379999999999999893e+00 2.817919999999999869e-01
2.380500000000000060e+00 2.713770000000000349e-01
2.381000000000000227e+00 2.971487999999999907e-01
2.381499999999999950e+00 2.945915499999999798e-01
2.382000000000000117e+00 2.908421999999999952e-01
2.382500000000000284e+00 2.818497500000000655e-01
2.383000000000000007e+00 2.425894000000000106e-01
2.383500000000000174e+00 2.333446500000000146e-01
2.383999999999999897e+00 1.857135999999999787e-01
2.384500000000000064e+00 2.463188500000000059e-01
2.385000000000000231e+00 2.594879999999999964e-01
2.385499999999999954e+00 2.533401000000000125e-01
2.386000000000000121e+00 2.016170000000000184e-01
2.386500000000000288e+00 2.200353000000000447e-01
2.387000000000000011e+00 2.391773999999999845e-01
2.387500000000000178e+00 2.151137500000000202e-01
2.387999999999999901e+00 1.965323999999999960e-01
2.388500000000000068e+00 2.242801500000000114e-01
2.389000000000000234e+00 2.240882000000000152e-01
2.389499999999999957e+00 2.157718500000000150e-01
2.390000000000000124e+00 1.964579999999999937e-01
2.390500000000000291e+00 2.094078000000000328e-01
2.391000000000000014e+00 1.908017999999999936e-01
2.391500000000000181e+00 1.205316000000000165e-01
2.391999999999999904e+00 1.968615999999999977e-01
2.392500000000000071e+00 1.918784999999999796e-01
2.393000000000000238e+00 1.861753999999999909e-01
2.393499999999999961e+00 1.795124999999999915e-01
2.394000000000000128e+00 1.802682000000000173e-01
2.394500000000000295e+00 1.700095000000000078e-01
2.395000000000000018e+00 1.674105000000000176e-01
2.395500000000000185e+00 1.616962500000000136e-01
2.395999999999999908e+00 1.660427999999999904e-01
2.396500000000000075e+00 1.428313999999999973e-01
2.397000000000000242e+00 1.435803000000000218e-01
2.397499999999999964e+00 1.484052499999999886e-01
2.398000000000000131e+00 1.486760000000000026e-01
2.398500000000000298e+00 1.487070000000000058e-01
2.399000000000000021e+00 1.420208000000000026e-01
2.399500000000000188e+00 1.391710000000000169e-01
2.399999999999999911e+00 1.384799999999999920e-01
2.400500000000000078e+00 1.188247500000000068e-01
2.401000000000000245e+00 1.337357000000000129e-01
2.401499999999999968e+00 1.313620500000000080e-01
2.402000000000000135e+00 1.256246000000000029e-01
2.402500000000000302e+00 1.244495000000000184e-01
2.403000000000000025e+00 1.211112000000000022e-01
2.403500000000000192e+00 1.189732500000000165e-01
2.403999999999999915e+00 1.028911999999999882e-01
2.404500000000000082e+00 9.666090000000000793e-02
2.405000000000000249e+00 1.111110000000000014e-01
2.405499999999999972e+00 1.046392499999999892e-01
2.406000000000000139e+00 1.017737999999999976e-01
2.406500000000000306e+00 1.029982000000000120e-01
2.407000000000000028e+00 7.702400000000000913e-02
2.407500000000000195e+00 8.979975000000001151e-02
2.407999999999999918e+00 9.270799999999999874e-02
2.408500000000000085e+00 9.465405000000000346e-02
2.409000000000000252e+00 9.009660000000001279e-02
2.409499999999999975e+00 8.674199999999998578e-02
2.410000000000000142e+00 6.868500000000000993e-02
2.410500000000000309e+00 8.460855000000000459e-02
2.411000000000000032e+00 8.366170000000000551e-02
2.411500000000000199e+00 7.861490000000000145e-02
2.411999999999999922e+00 7.549559999999999604e-02
2.412500000000000089e+00 7.671750000000000791e-02
2.413000000000000256e+00 7.552690000000000792e-02
2.413499999999999979e+00 7.240499999999999714e-02
2.414000000000000146e+00 6.759199999999999930e-02
2.414500000000000313e+00 5.818945000000001061e-02
2.415000000000000036e+00 6.761999999999999955e-02
2.415500000000000203e+00 6.352765000000000495e-02
2.415999999999999925e+00 3.527360000000000217e-02
2.416500000000000092e+00 5.727104999999999696e-02
2.417000000000000259e+00 6.066670000000001090e-02
2.417499999999999982e+00 5.850349999999999995e-02
2.418000000000000149e+00 5.706479999999999886e-02
2.418500000000000316e+00 3.289160000000000000e-02
2.419000000000000039e+00 3.676879999999999732e-02
2.419500000000000206e+00 3.895395000000000107e-02
2.419999999999999929e+00 5.106200000000000322e-02
2.420500000000000096e+00 5.058845000000000008e-02
2.421000000000000263e+00 4.914630000000000387e-02
2.421499999999999986e+00 4.794570000000000082e-02
2.422000000000000153e+00 4.359600000000000281e-02
2.422500000000000320e+00 4.505850000000000133e-02
2.423000000000000043e+00 4.385630000000000778e-02
2.423500000000000210e+00 4.289595000000000213e-02
2.423999999999999932e+00 3.272399999999999615e-02
2.424500000000000099e+00 3.976180000000000686e-02
2.425000000000000266e+00 3.807250000000000217e-02
2.425499999999999989e+00 3.783779999999999782e-02
2.426000000000000156e+00 3.663260000000000127e-02
2.426500000000000323e+00 2.839005000000000348e-02
2.427000000000000046e+00 3.519150000000000056e-02
2.427500000000000213e+00 3.398500000000000132e-02
2.427999999999999936e+00 3.326359999999999734e-02
2.428500000000000103e+00 3.278475000000000139e-02
2.429000000000000270e+00 3.157700000000000090e-02
2.429499999999999993e+00 3.061169999999999863e-02
2.430000000000000160e+00 2.964600000000000221e-02
2.430500000000000327e+00 2.916600000000000442e-02
2.431000000000000050e+00 2.819959999999999828e-02
2.431500000000000217e+00 2.747594999999999898e-02
2.431999999999999940e+00 2.675199999999999800e-02
2.432500000000000107e+00 2.578450000000000186e-02
2.433000000000000274e+00 2.408670000000000602e-02
2.433499999999999996e+00 1.971134999999999901e-02
2.434000000000000163e+00 2.360980000000000370e-02
2.434500000000000330e+00 2.215395000000000558e-02
2.435000000000000053e+00 1.801900000000000029e-02
